wavelength,relativeIntensity
 273.00,0.0000E+000
 273.50,0.0000E+000
 274.00,0.0000E+000
 274.50,0.0000E+000
 275.00,0.0000E+000
 275.50,0.0000E+000
 276.00,0.0000E+000
 276.50,0.0000E+000
 277.00,0.0000E+000
 277.50,0.0000E+000
 278.00,0.0000E+000
 278.50,0.0000E+000
 279.00,0.0000E+000
 279.50,0.0000E+000
 280.00,0.0000E+000
 280.50,0.0000E+000
 281.00,0.0000E+000
 281.50,0.0000E+000
 282.00,0.0000E+000
 282.50,0.0000E+000
 283.00,0.0000E+000
 283.50,0.0000E+000
 284.00,0.0000E+000
 284.50,0.0000E+000
 285.00,0.0000E+000
 285.50,0.0000E+000
 286.00,0.0000E+000
 286.50,0.0000E+000
 287.00,0.0000E+000
 287.50,0.0000E+000
 288.00,0.0000E+000
 288.50,0.0000E+000
 289.00,0.0000E+000
 289.50,0.0000E+000
 290.00,0.0000E+000
 290.50,0.0000E+000
 291.00,0.0000E+000
 291.50,0.0000E+000
 292.00,0.0000E+000
 292.50,0.0000E+000
 293.00,0.0000E+000
 293.50,0.0000E+000
 294.00,0.0000E+000
 294.50,0.0000E+000
 295.00,0.0000E+000
 295.50,0.0000E+000
 296.00,0.0000E+000
 296.50,0.0000E+000
 297.00,0.0000E+000
 297.50,0.0000E+000
 298.00,0.0000E+000
 298.50,0.0000E+000
 299.00,0.0000E+000
 299.50,0.0000E+000
 300.00,0.0000E+000
 300.50,0.0000E+000
 301.00,0.0000E+000
 301.50,0.0000E+000
 302.00,0.0000E+000
 302.50,0.0000E+000
 303.00,0.0000E+000
 303.50,0.0000E+000
 304.00,0.0000E+000
 304.50,0.0000E+000
 305.00,0.0000E+000
 305.50,0.0000E+000
 306.00,0.0000E+000
 306.50,4.9877E-006
 307.00,9.0181E-006
 307.50,3.5174E-007
 308.00,0.0000E+000
 308.50,0.0000E+000
 309.00,0.0000E+000
 309.50,0.0000E+000
 310.00,0.0000E+000
 310.50,0.0000E+000
 311.00,0.0000E+000
 311.50,0.0000E+000
 312.00,0.0000E+000
 312.50,0.0000E+000
 313.00,0.0000E+000
 313.50,0.0000E+000
 314.00,0.0000E+000
 314.50,0.0000E+000
 315.00,0.0000E+000
 315.50,0.0000E+000
 316.00,0.0000E+000
 316.50,0.0000E+000
 317.00,0.0000E+000
 317.50,0.0000E+000
 318.00,0.0000E+000
 318.50,0.0000E+000
 319.00,0.0000E+000
 319.50,0.0000E+000
 320.00,0.0000E+000
 320.50,4.0301E-006
 321.00,0.0000E+000
 321.50,0.0000E+000
 322.00,0.0000E+000
 322.50,0.0000E+000
 323.00,0.0000E+000
 323.50,0.0000E+000
 324.00,0.0000E+000
 324.50,0.0000E+000
 325.00,0.0000E+000
 325.50,0.0000E+000
 326.00,0.0000E+000
 326.50,0.0000E+000
 327.00,0.0000E+000
 327.50,0.0000E+000
 328.00,0.0000E+000
 328.50,0.0000E+000
 329.00,0.0000E+000
 329.50,0.0000E+000
 330.00,0.0000E+000
 330.50,0.0000E+000
 331.00,0.0000E+000
 331.50,0.0000E+000
 332.00,0.0000E+000
 332.50,0.0000E+000
 333.00,0.0000E+000
 333.50,0.0000E+000
 334.00,0.0000E+000
 334.50,0.0000E+000
 335.00,0.0000E+000
 335.50,0.0000E+000
 336.00,0.0000E+000
 336.50,0.0000E+000
 337.00,0.0000E+000
 337.50,0.0000E+000
 338.00,0.0000E+000
 338.50,0.0000E+000
 339.00,0.0000E+000
 339.50,0.0000E+000
 340.00,0.0000E+000
 340.50,0.0000E+000
 341.00,0.0000E+000
 341.50,0.0000E+000
 342.00,0.0000E+000
 342.50,0.0000E+000
 343.00,0.0000E+000
 343.50,0.0000E+000
 344.00,0.0000E+000
 344.50,0.0000E+000
 345.00,0.0000E+000
 345.50,0.0000E+000
 346.00,0.0000E+000
 346.50,0.0000E+000
 347.00,0.0000E+000
 347.50,0.0000E+000
 348.00,0.0000E+000
 348.50,0.0000E+000
 349.00,0.0000E+000
 349.50,0.0000E+000
 350.00,0.0000E+000
 350.50,0.0000E+000
 351.00,0.0000E+000
 351.50,0.0000E+000
 352.00,0.0000E+000
 352.50,0.0000E+000
 353.00,0.0000E+000
 353.50,0.0000E+000
 354.00,0.0000E+000
 354.50,0.0000E+000
 355.00,0.0000E+000
 355.50,5.6367E-006
 356.00,6.9304E-006
 356.50,0.0000E+000
 357.00,0.0000E+000
 357.50,0.0000E+000
 358.00,0.0000E+000
 358.50,0.0000E+000
 359.00,0.0000E+000
 359.50,0.0000E+000
 360.00,0.0000E+000
 360.50,0.0000E+000
 361.00,0.0000E+000
 361.50,0.0000E+000
 362.00,3.8084E-007
 362.50,1.9167E-006
 363.00,0.0000E+000
 363.50,0.0000E+000
 364.00,0.0000E+000
 364.50,0.0000E+000
 365.00,0.0000E+000
 365.50,0.0000E+000
 366.00,4.1395E-005
 366.50,6.7328E-005
 367.00,2.3747E-005
 367.50,0.0000E+000
 368.00,0.0000E+000
 368.50,0.0000E+000
 369.00,0.0000E+000
 369.50,0.0000E+000
 370.00,0.0000E+000
 370.50,0.0000E+000
 371.00,0.0000E+000
 371.50,0.0000E+000
 372.00,0.0000E+000
 372.50,0.0000E+000
 373.00,0.0000E+000
 373.50,0.0000E+000
 374.00,0.0000E+000
 374.50,0.0000E+000
 375.00,0.0000E+000
 375.50,0.0000E+000
 376.00,0.0000E+000
 376.50,0.0000E+000
 377.00,0.0000E+000
 377.50,0.0000E+000
 378.00,0.0000E+000
 378.50,0.0000E+000
 379.00,0.0000E+000
 379.50,0.0000E+000
 380.00,0.0000E+000
 380.50,0.0000E+000
 381.00,0.0000E+000
 381.50,0.0000E+000
 382.00,0.0000E+000
 382.50,0.0000E+000
 383.00,5.2308E-006
 383.50,1.5565E-005
 384.00,0.0000E+000
 384.50,0.0000E+000
 385.00,0.0000E+000
 385.50,0.0000E+000
 386.00,0.0000E+000
 386.50,0.0000E+000
 387.00,0.0000E+000
 387.50,0.0000E+000
 388.00,0.0000E+000
 388.50,0.0000E+000
 389.00,0.0000E+000
 389.50,0.0000E+000
 390.00,0.0000E+000
 390.50,0.0000E+000
 391.00,0.0000E+000
 391.50,0.0000E+000
 392.00,0.0000E+000
 392.50,0.0000E+000
 393.00,0.0000E+000
 393.50,0.0000E+000
 394.00,0.0000E+000
 394.50,0.0000E+000
 395.00,0.0000E+000
 395.50,0.0000E+000
 396.00,0.0000E+000
 396.50,8.7931E-006
 397.00,5.8894E-006
 397.50,0.0000E+000
 398.00,0.0000E+000
 398.50,0.0000E+000
 399.00,0.0000E+000
 399.50,0.0000E+000
 400.00,0.0000E+000
 400.50,0.0000E+000
 401.00,0.0000E+000
 401.50,0.0000E+000
 402.00,0.0000E+000
 402.50,0.0000E+000
 403.00,0.0000E+000
 403.50,0.0000E+000
 404.00,0.0000E+000
 404.50,0.0000E+000
 405.00,0.0000E+000
 405.50,0.0000E+000
 406.00,0.0000E+000
 406.50,0.0000E+000
 407.00,0.0000E+000
 407.50,0.0000E+000
 408.00,0.0000E+000
 408.50,0.0000E+000
 409.00,0.0000E+000
 409.50,0.0000E+000
 410.00,0.0000E+000
 410.50,0.0000E+000
 411.00,0.0000E+000
 411.50,0.0000E+000
 412.00,0.0000E+000
 412.50,0.0000E+000
 413.00,0.0000E+000
 413.50,0.0000E+000
 414.00,0.0000E+000
 414.50,0.0000E+000
 415.00,0.0000E+000
 415.50,0.0000E+000
 416.00,0.0000E+000
 416.50,0.0000E+000
 417.00,0.0000E+000
 417.50,0.0000E+000
 418.00,0.0000E+000
 418.50,0.0000E+000
 419.00,0.0000E+000
 419.50,2.8165E-007
 420.00,4.3900E-007
 420.50,0.0000E+000
 421.00,0.0000E+000
 421.50,0.0000E+000
 422.00,0.0000E+000
 422.50,0.0000E+000
 423.00,0.0000E+000
 423.50,0.0000E+000
 424.00,0.0000E+000
 424.50,0.0000E+000
 425.00,0.0000E+000
 425.50,0.0000E+000
 426.00,0.0000E+000
 426.50,0.0000E+000
 427.00,0.0000E+000
 427.50,0.0000E+000
 428.00,0.0000E+000
 428.50,0.0000E+000
 429.00,0.0000E+000
 429.50,0.0000E+000
 430.00,0.0000E+000
 430.50,0.0000E+000
 431.00,0.0000E+000
 431.50,3.2952E-006
 432.00,0.0000E+000
 432.50,0.0000E+000
 433.00,0.0000E+000
 433.50,0.0000E+000
 434.00,0.0000E+000
 434.50,1.8267E-005
 435.00,2.0169E-005
 435.50,0.0000E+000
 436.00,0.0000E+000
 436.50,0.0000E+000
 437.00,0.0000E+000
 437.50,0.0000E+000
 438.00,0.0000E+000
 438.50,0.0000E+000
 439.00,0.0000E+000
 439.50,0.0000E+000
 440.00,0.0000E+000
 440.50,0.0000E+000
 441.00,0.0000E+000
 441.50,7.8693E-006
 442.00,3.3027E-005
 442.50,3.3603E-006
 443.00,0.0000E+000
 443.50,0.0000E+000
 444.00,0.0000E+000
 444.50,0.0000E+000
 445.00,0.0000E+000
 445.50,0.0000E+000
 446.00,0.0000E+000
 446.50,0.0000E+000
 447.00,0.0000E+000
 447.50,0.0000E+000
 448.00,0.0000E+000
 448.50,4.5424E-005
 449.00,3.3998E-005
 449.50,0.0000E+000
 450.00,0.0000E+000
 450.50,0.0000E+000
 451.00,0.0000E+000
 451.50,0.0000E+000
 452.00,0.0000E+000
 452.50,0.0000E+000
 453.00,0.0000E+000
 453.50,0.0000E+000
 454.00,0.0000E+000
 454.50,0.0000E+000
 455.00,0.0000E+000
 455.50,0.0000E+000
 456.00,0.0000E+000
 456.50,0.0000E+000
 457.00,0.0000E+000
 457.50,0.0000E+000
 458.00,0.0000E+000
 458.50,0.0000E+000
 459.00,0.0000E+000
 459.50,0.0000E+000
 460.00,0.0000E+000
 460.50,0.0000E+000
 461.00,0.0000E+000
 461.50,0.0000E+000
 462.00,0.0000E+000
 462.50,0.0000E+000
 463.00,0.0000E+000
 463.50,0.0000E+000
 464.00,0.0000E+000
 464.50,0.0000E+000
 465.00,2.3524E-007
 465.50,1.3308E-006
 466.00,0.0000E+000
 466.50,0.0000E+000
 467.00,0.0000E+000
 467.50,0.0000E+000
 468.00,0.0000E+000
 468.50,0.0000E+000
 469.00,0.0000E+000
 469.50,0.0000E+000
 470.00,0.0000E+000
 470.50,0.0000E+000
 471.00,0.0000E+000
 471.50,0.0000E+000
 472.00,0.0000E+000
 472.50,0.0000E+000
 473.00,0.0000E+000
 473.50,0.0000E+000
 474.00,0.0000E+000
 474.50,0.0000E+000
 475.00,0.0000E+000
 475.50,0.0000E+000
 476.00,0.0000E+000
 476.50,0.0000E+000
 477.00,0.0000E+000
 477.50,0.0000E+000
 478.00,0.0000E+000
 478.50,0.0000E+000
 479.00,0.0000E+000
 479.50,0.0000E+000
 480.00,0.0000E+000
 480.50,0.0000E+000
 481.00,0.0000E+000
 481.50,0.0000E+000
 482.00,0.0000E+000
 482.50,0.0000E+000
 483.00,0.0000E+000
 483.50,0.0000E+000
 484.00,0.0000E+000
 484.50,0.0000E+000
 485.00,0.0000E+000
 485.50,0.0000E+000
 486.00,0.0000E+000
 486.50,0.0000E+000
 487.00,0.0000E+000
 487.50,0.0000E+000
 488.00,0.0000E+000
 488.50,1.7389E-006
 489.00,2.0425E-005
 489.50,7.9816E-006
 490.00,1.5638E-005
 490.50,8.4752E-006
 491.00,0.0000E+000
 491.50,0.0000E+000
 492.00,0.0000E+000
 492.50,0.0000E+000
 493.00,0.0000E+000
 493.50,0.0000E+000
 494.00,0.0000E+000
 494.50,0.0000E+000
 495.00,0.0000E+000
 495.50,0.0000E+000
 496.00,0.0000E+000
 496.50,0.0000E+000
 497.00,0.0000E+000
 497.50,0.0000E+000
 498.00,0.0000E+000
 498.50,0.0000E+000
 499.00,0.0000E+000
 499.50,0.0000E+000
 500.00,0.0000E+000
 500.50,0.0000E+000
 501.00,0.0000E+000
 501.50,0.0000E+000
 502.00,0.0000E+000
 502.50,0.0000E+000
 503.00,0.0000E+000
 503.50,0.0000E+000
 504.00,0.0000E+000
 504.50,0.0000E+000
 505.00,0.0000E+000
 505.50,0.0000E+000
 506.00,0.0000E+000
 506.50,0.0000E+000
 507.00,0.0000E+000
 507.50,0.0000E+000
 508.00,0.0000E+000
 508.50,0.0000E+000
 509.00,0.0000E+000
 509.50,0.0000E+000
 510.00,0.0000E+000
 510.50,0.0000E+000
 511.00,0.0000E+000
 511.50,0.0000E+000
 512.00,0.0000E+000
 512.50,8.0639E-006
 513.00,1.6521E-005
 513.50,6.8893E-006
 514.00,0.0000E+000
 514.50,0.0000E+000
 515.00,0.0000E+000
 515.50,0.0000E+000
 516.00,0.0000E+000
 516.50,0.0000E+000
 517.00,0.0000E+000
 517.50,0.0000E+000
 518.00,0.0000E+000
 518.50,0.0000E+000
 519.00,0.0000E+000
 519.50,0.0000E+000
 520.00,0.0000E+000
 520.50,0.0000E+000
 521.00,0.0000E+000
 521.50,0.0000E+000
 522.00,0.0000E+000
 522.50,0.0000E+000
 523.00,0.0000E+000
 523.50,0.0000E+000
 524.00,6.1440E-007
 524.50,0.0000E+000
 525.00,0.0000E+000
 525.50,0.0000E+000
 526.00,1.7863E-005
 526.50,1.3406E-005
 527.00,0.0000E+000
 527.50,0.0000E+000
 528.00,0.0000E+000
 528.50,0.0000E+000
 529.00,0.0000E+000
 529.50,0.0000E+000
 530.00,5.1794E-006
 530.50,6.4594E-006
 531.00,2.6972E-005
 531.50,4.1621E-005
 532.00,5.8774E-005
 532.50,8.0732E-005
 533.00,9.4172E-005
 533.50,9.4926E-005
 534.00,9.2539E-005
 534.50,7.9230E-005
 535.00,7.9390E-005
 535.50,9.1173E-005
 536.00,1.0924E-004
 536.50,1.4649E-004
 537.00,1.9707E-004
 537.50,2.5449E-004
 538.00,3.2053E-004
 538.50,4.0702E-004
 539.00,5.2392E-004
 539.50,7.1267E-004
 540.00,1.0038E-003
 540.50,1.4225E-003
 541.00,1.8642E-003
 541.50,2.2111E-003
 542.00,2.2836E-003
 542.50,2.1828E-003
 543.00,2.0281E-003
 543.50,1.9360E-003
 544.00,2.0520E-003
 544.50,2.4241E-003
 545.00,3.1539E-003
 545.50,3.9161E-003
 546.00,4.1632E-003
 546.50,3.7836E-003
 547.00,2.9341E-003
 547.50,2.1709E-003
 548.00,1.7140E-003
 548.50,1.4818E-003
 549.00,1.3138E-003
 549.50,1.1699E-003
 550.00,1.0150E-003
 550.50,8.7474E-004
 551.00,7.6956E-004
 551.50,7.0142E-004
 552.00,6.5795E-004
 552.50,5.8121E-004
 553.00,4.7477E-004
 553.50,4.0698E-004
 554.00,3.4857E-004
 554.50,3.2005E-004
 555.00,2.5907E-004
 555.50,1.9748E-004
 556.00,1.4342E-004
 556.50,1.2771E-004
 557.00,8.8234E-005
 557.50,7.2425E-005
 558.00,5.2909E-005
 558.50,6.3298E-005
 559.00,1.1463E-004
 559.50,1.5242E-004
 560.00,1.5147E-004
 560.50,1.2953E-004
 561.00,8.8105E-005
 561.50,8.7909E-005
 562.00,8.2895E-005
 562.50,6.6302E-005
 563.00,5.3218E-005
 563.50,2.3538E-005
 564.00,4.6334E-005
 564.50,2.9575E-005
 565.00,3.2109E-005
 565.50,8.9246E-006
 566.00,8.3305E-007
 566.50,3.2204E-005
 567.00,6.7754E-005
 567.50,7.3112E-005
 568.00,6.5782E-005
 568.50,4.7779E-005
 569.00,3.7542E-005
 569.50,7.0620E-005
 570.00,7.7129E-005
 570.50,1.0296E-004
 571.00,8.6329E-005
 571.50,6.1376E-005
 572.00,3.0652E-005
 572.50,2.6134E-005
 573.00,2.6683E-005
 573.50,8.1694E-006
 574.00,5.0084E-006
 574.50,5.3192E-007
 575.00,3.4529E-005
 575.50,1.6132E-004
 576.00,3.9844E-004
 576.50,6.6400E-004
 577.00,8.0915E-004
 577.50,7.9915E-004
 578.00,7.8061E-004
 578.50,8.6349E-004
 579.00,9.5386E-004
 579.50,9.2121E-004
 580.00,7.9694E-004
 580.50,6.6862E-004
 581.00,6.0492E-004
 581.50,5.9155E-004
 582.00,6.3719E-004
 582.50,7.2677E-004
 583.00,7.9424E-004
 583.50,8.0783E-004
 584.00,7.6880E-004
 584.50,7.5603E-004
 585.00,7.6771E-004
 585.50,7.9248E-004
 586.00,8.7047E-004
 586.50,9.7366E-004
 587.00,1.1001E-003
 587.50,1.1179E-003
 588.00,9.7466E-004
 588.50,7.7942E-004
 589.00,6.2243E-004
 589.50,5.7281E-004
 590.00,5.4319E-004
 590.50,5.2693E-004
 591.00,5.4493E-004
 591.50,6.5941E-004
 592.00,8.1466E-004
 592.50,9.4964E-004
 593.00,9.7107E-004
 593.50,8.7886E-004
 594.00,7.4473E-004
 594.50,6.2281E-004
 595.00,5.2161E-004
 595.50,4.1150E-004
 596.00,3.6439E-004
 596.50,3.4465E-004
 597.00,3.8679E-004
 597.50,4.4238E-004
 598.00,4.8583E-004
 598.50,5.4101E-004
 599.00,5.9557E-004
 599.50,6.3438E-004
 600.00,6.3353E-004
 600.50,5.7184E-004
 601.00,4.8977E-004
 601.50,4.1135E-004
 602.00,3.2167E-004
 602.50,2.7236E-004
 603.00,2.3259E-004
 603.50,2.0481E-004
 604.00,1.9326E-004
 604.50,1.6872E-004
 605.00,1.8374E-004
 605.50,2.5324E-004
 606.00,3.6917E-004
 606.50,4.6909E-004
 607.00,5.5012E-004
 607.50,6.6801E-004
 608.00,8.3942E-004
 608.50,1.1505E-003
 609.00,1.6830E-003
 609.50,2.8247E-003
 610.00,4.7643E-003
 610.50,7.3361E-003
 611.00,9.4271E-003
 611.50,9.9619E-003
 612.00,8.6861E-003
 612.50,6.7005E-003
 613.00,5.0296E-003
 613.50,3.9945E-003
 614.00,3.4157E-003
 614.50,3.0083E-003
 615.00,2.5825E-003
 615.50,2.0849E-003
 616.00,1.6494E-003
 616.50,1.2763E-003
 617.00,1.0214E-003
 617.50,8.5364E-004
 618.00,7.7077E-004
 618.50,7.2563E-004
 619.00,6.3353E-004
 619.50,6.1175E-004
 620.00,6.4027E-004
 620.50,7.0195E-004
 621.00,7.0599E-004
 621.50,6.6264E-004
 622.00,6.4771E-004
 622.50,6.8383E-004
 623.00,7.5429E-004
 623.50,7.9628E-004
 624.00,8.4846E-004
 624.50,8.4258E-004
 625.00,8.7049E-004
 625.50,8.7256E-004
 626.00,8.7345E-004
 626.50,8.3792E-004
 627.00,7.7867E-004
 627.50,7.4740E-004
 628.00,7.1912E-004
 628.50,7.1032E-004
 629.00,7.8945E-004
 629.50,9.8038E-004
 630.00,1.2270E-003
 630.50,1.4127E-003
 631.00,1.4215E-003
 631.50,1.2182E-003
 632.00,8.8891E-004
 632.50,6.0623E-004
 633.00,4.1453E-004
 633.50,3.4178E-004
 634.00,2.9913E-004
 634.50,2.7239E-004
 635.00,2.2207E-004
 635.50,1.5788E-004
 636.00,1.5007E-004
 636.50,1.5078E-004
 637.00,1.6826E-004
 637.50,1.5897E-004
 638.00,1.5146E-004
 638.50,1.4315E-004
 639.00,1.4781E-004
 639.50,1.4447E-004
 640.00,1.0783E-004
 640.50,5.7183E-005
 641.00,4.8876E-005
 641.50,5.8677E-005
 642.00,3.8383E-005
 642.50,9.6790E-006
 643.00,3.4016E-005
 643.50,1.0349E-004
 644.00,1.4191E-004
 644.50,1.4008E-004
 645.00,7.8455E-005
 645.50,6.1273E-005
 646.00,1.3110E-005
 646.50,0.0000E+000
 647.00,0.0000E+000
 647.50,0.0000E+000
 648.00,5.9395E-005
 648.50,1.2143E-004
 649.00,2.0782E-004
 649.50,2.5525E-004
 650.00,3.2545E-004
 650.50,3.6457E-004
 651.00,3.1759E-004
 651.50,2.7511E-004
 652.00,1.9922E-004
 652.50,1.9283E-004
 653.00,1.5755E-004
 653.50,1.4663E-004
 654.00,8.1278E-005
 654.50,2.7659E-005
 655.00,0.0000E+000
 655.50,9.4186E-007
 656.00,3.1944E-005
 656.50,8.8626E-005
 657.00,5.2861E-005
 657.50,7.1497E-005
 658.00,6.3031E-005
 658.50,8.5387E-005
 659.00,3.1534E-005
 659.50,1.0327E-006
 660.00,0.0000E+000
 660.50,7.9519E-006
 661.00,9.5790E-005
 661.50,1.8608E-004
 662.00,2.2393E-004
 662.50,1.9993E-004
 663.00,1.6788E-004
 663.50,1.4324E-004
 664.00,1.2875E-004
 664.50,8.7073E-005
 665.00,3.3708E-005
 665.50,6.2803E-006
 666.00,0.0000E+000
 666.50,0.0000E+000
 667.00,0.0000E+000
 667.50,4.8517E-005
 668.00,7.7993E-005
 668.50,5.5755E-005
 669.00,1.8323E-007
 669.50,0.0000E+000
 670.00,0.0000E+000
 670.50,0.0000E+000
 671.00,0.0000E+000
 671.50,1.2377E-006
 672.00,4.9139E-005
 672.50,1.5656E-005
 673.00,1.4419E-006
 673.50,8.0697E-006
 674.00,0.0000E+000
 674.50,2.2581E-007
 675.00,0.0000E+000
 675.50,0.0000E+000
 676.00,0.0000E+000
 676.50,0.0000E+000
 677.00,0.0000E+000
 677.50,0.0000E+000
 678.00,2.0038E-007
 678.50,3.5897E-007
 679.00,0.0000E+000
 679.50,0.0000E+000
 680.00,0.0000E+000
 680.50,0.0000E+000
 681.00,2.9986E-006
 681.50,4.3818E-006
 682.00,0.0000E+000
 682.50,0.0000E+000
 683.00,0.0000E+000
 683.50,0.0000E+000
 684.00,0.0000E+000
 684.50,0.0000E+000
 685.00,2.8025E-005
 685.50,1.1734E-004
 686.00,1.4484E-004
 686.50,6.3742E-005
 687.00,2.6721E-005
 687.50,1.4833E-005
 688.00,9.2750E-005
 688.50,1.0533E-004
 689.00,1.5270E-004
 689.50,1.2023E-004
 690.00,1.2253E-004
 690.50,6.6091E-005
 691.00,4.7773E-005
 691.50,0.0000E+000
 692.00,0.0000E+000
 692.50,0.0000E+000
 693.00,5.9070E-006
 693.50,3.7873E-005
 694.00,5.7103E-005
 694.50,5.0606E-005
 695.00,4.4503E-005
 695.50,1.1987E-004
 696.00,1.3164E-004
 696.50,6.2080E-005
 697.00,0.0000E+000
 697.50,0.0000E+000
 698.00,0.0000E+000
 698.50,0.0000E+000
 699.00,0.0000E+000
 699.50,0.0000E+000
 700.00,0.0000E+000
 700.50,0.0000E+000
 701.00,0.0000E+000
 701.50,0.0000E+000
 702.00,0.0000E+000
 702.50,0.0000E+000
 703.00,0.0000E+000
 703.50,0.0000E+000
 704.00,0.0000E+000
 704.50,9.4757E-006
 705.00,7.4830E-005
 705.50,1.7826E-004
 706.00,2.9973E-004
 706.50,3.6930E-004
 707.00,3.8076E-004
 707.50,3.7121E-004
 708.00,3.7425E-004
 708.50,3.8042E-004
 709.00,3.6255E-004
 709.50,3.4959E-004
 710.00,3.2512E-004
 710.50,3.1023E-004
 711.00,3.5556E-004
 711.50,4.1688E-004
 712.00,4.4610E-004
 712.50,3.3671E-004
 713.00,1.5483E-004
 713.50,1.5833E-005
 714.00,0.0000E+000
 714.50,0.0000E+000
 715.00,0.0000E+000
 715.50,0.0000E+000
 716.00,0.0000E+000
 716.50,0.0000E+000
 717.00,0.0000E+000
 717.50,0.0000E+000
 718.00,0.0000E+000
 718.50,0.0000E+000
 719.00,0.0000E+000
 719.50,0.0000E+000
 720.00,0.0000E+000
 720.50,0.0000E+000
 721.00,0.0000E+000
 721.50,0.0000E+000
 722.00,0.0000E+000
 722.50,0.0000E+000
 723.00,0.0000E+000
 723.50,0.0000E+000
 724.00,7.4740E-005
 724.50,5.5296E-005
 725.00,0.0000E+000
 725.50,0.0000E+000
 726.00,0.0000E+000
 726.50,0.0000E+000
 727.00,0.0000E+000
 727.50,0.0000E+000
 728.00,0.0000E+000
 728.50,3.3167E-007
 729.00,0.0000E+000
 729.50,0.0000E+000
 730.00,0.0000E+000
 730.50,0.0000E+000
 731.00,0.0000E+000
 731.50,0.0000E+000
 732.00,0.0000E+000
 732.50,0.0000E+000
 733.00,0.0000E+000
 733.50,0.0000E+000
 734.00,0.0000E+000
 734.50,0.0000E+000
 735.00,0.0000E+000
 735.50,0.0000E+000
 736.00,0.0000E+000
 736.50,0.0000E+000
 737.00,7.9221E-005
 737.50,4.6777E-005
 738.00,5.4826E-006
 738.50,0.0000E+000
 739.00,0.0000E+000
 739.50,0.0000E+000
 740.00,0.0000E+000
 740.50,0.0000E+000
 741.00,0.0000E+000
 741.50,0.0000E+000
 742.00,0.0000E+000
 742.50,0.0000E+000
 743.00,0.0000E+000
 743.50,0.0000E+000
 744.00,0.0000E+000
 744.50,0.0000E+000
 745.00,0.0000E+000
 745.50,0.0000E+000
 746.00,0.0000E+000
 746.50,0.0000E+000
 747.00,0.0000E+000
 747.50,0.0000E+000
 748.00,0.0000E+000
 748.50,5.7959E-005
 749.00,1.3303E-005
 749.50,0.0000E+000
 750.00,0.0000E+000
 750.50,0.0000E+000
 751.00,0.0000E+000
 751.50,0.0000E+000
 752.00,0.0000E+000
 752.50,0.0000E+000
 753.00,0.0000E+000
 753.50,0.0000E+000
 754.00,0.0000E+000
 754.50,0.0000E+000
 755.00,0.0000E+000
 755.50,0.0000E+000
 756.00,0.0000E+000
 756.50,0.0000E+000
 757.00,0.0000E+000
 757.50,0.0000E+000
 758.00,0.0000E+000
 758.50,0.0000E+000
 759.00,0.0000E+000
 759.50,0.0000E+000
 760.00,0.0000E+000
 760.50,0.0000E+000
 761.00,0.0000E+000
 761.50,0.0000E+000
 762.00,0.0000E+000
 762.50,0.0000E+000
 763.00,0.0000E+000
 763.50,0.0000E+000
 764.00,0.0000E+000
 764.50,0.0000E+000
 765.00,0.0000E+000
 765.50,0.0000E+000
 766.00,0.0000E+000
 766.50,0.0000E+000
 767.00,0.0000E+000
 767.50,0.0000E+000
 768.00,3.9893E-007
 768.50,0.0000E+000
 769.00,0.0000E+000
 769.50,0.0000E+000
 770.00,0.0000E+000
 770.50,0.0000E+000
 771.00,0.0000E+000
 771.50,0.0000E+000
 772.00,0.0000E+000
 772.50,0.0000E+000
 773.00,0.0000E+000
 773.50,0.0000E+000
 774.00,0.0000E+000
 774.50,0.0000E+000
 775.00,0.0000E+000
 775.50,0.0000E+000
 776.00,0.0000E+000
 776.50,0.0000E+000
 777.00,0.0000E+000
 777.50,0.0000E+000
 778.00,0.0000E+000
 778.50,0.0000E+000
 779.00,0.0000E+000
 779.50,0.0000E+000
 780.00,0.0000E+000
 780.50,0.0000E+000
 781.00,0.0000E+000
 781.50,0.0000E+000
 782.00,0.0000E+000
 782.50,0.0000E+000
 783.00,0.0000E+000
 783.50,0.0000E+000
 784.00,0.0000E+000
 784.50,0.0000E+000
 785.00,0.0000E+000
 785.50,0.0000E+000
 786.00,0.0000E+000
 786.50,0.0000E+000
 787.00,0.0000E+000
 787.50,0.0000E+000
 788.00,0.0000E+000
 788.50,0.0000E+000
 789.00,0.0000E+000
 789.50,0.0000E+000
 790.00,0.0000E+000
 790.50,0.0000E+000
 791.00,0.0000E+000
 791.50,0.0000E+000
 792.00,0.0000E+000
 792.50,0.0000E+000
 793.00,0.0000E+000
 793.50,0.0000E+000
 794.00,0.0000E+000
 794.50,0.0000E+000
 795.00,0.0000E+000
 795.50,0.0000E+000
 796.00,0.0000E+000
 796.50,0.0000E+000
 797.00,0.0000E+000
 797.50,0.0000E+000
 798.00,0.0000E+000
 798.50,0.0000E+000
 799.00,0.0000E+000
 799.50,0.0000E+000
 800.00,0.0000E+000
 800.50,0.0000E+000
 801.00,0.0000E+000
 801.50,0.0000E+000
 802.00,0.0000E+000
 802.50,0.0000E+000
 803.00,0.0000E+000
 803.50,0.0000E+000
 804.00,0.0000E+000
 804.50,0.0000E+000
 805.00,0.0000E+000
 805.50,0.0000E+000
 806.00,3.7147E-006
 806.50,8.7033E-006
 807.00,0.0000E+000
 807.50,0.0000E+000
 808.00,0.0000E+000
 808.50,0.0000E+000
 809.00,0.0000E+000
 809.50,0.0000E+000
 810.00,1.7840E-005
 810.50,6.0636E-005
 811.00,2.0145E-005
 811.50,0.0000E+000
 812.00,0.0000E+000
 812.50,0.0000E+000
 813.00,0.0000E+000
 813.50,0.0000E+000
 814.00,0.0000E+000
 814.50,0.0000E+000
 815.00,0.0000E+000
 815.50,0.0000E+000
 816.00,0.0000E+000
 816.50,0.0000E+000
 817.00,0.0000E+000
 817.50,0.0000E+000
 818.00,0.0000E+000
 818.50,0.0000E+000
 819.00,0.0000E+000
 819.50,0.0000E+000
 820.00,0.0000E+000
 820.50,0.0000E+000
 821.00,0.0000E+000
 821.50,0.0000E+000
 822.00,0.0000E+000
 822.50,0.0000E+000
 823.00,0.0000E+000
 823.50,6.3972E-006
 824.00,6.2067E-006
 824.50,0.0000E+000
 825.00,0.0000E+000
 825.50,5.6612E-005
 826.00,3.6299E-004
 826.50,3.3700E-004
 827.00,1.9294E-004
 827.50,8.1933E-005
 828.00,0.0000E+000
 828.50,0.0000E+000
 829.00,0.0000E+000
 829.50,0.0000E+000
 830.00,0.0000E+000
 830.50,0.0000E+000
 831.00,0.0000E+000
 831.50,0.0000E+000
 832.00,0.0000E+000
 832.50,0.0000E+000
 833.00,0.0000E+000
 833.50,0.0000E+000
 834.00,0.0000E+000
 834.50,0.0000E+000
 835.00,0.0000E+000
 835.50,0.0000E+000
 836.00,0.0000E+000
 836.50,0.0000E+000
 837.00,0.0000E+000
 837.50,3.0022E-004
 838.00,2.2148E-004
 838.50,0.0000E+000
 839.00,0.0000E+000
 839.50,0.0000E+000
 840.00,0.0000E+000
 840.50,0.0000E+000
 841.00,0.0000E+000
 841.50,0.0000E+000
 842.00,0.0000E+000
 842.50,0.0000E+000
 843.00,0.0000E+000
 843.50,0.0000E+000
 844.00,0.0000E+000
 844.50,0.0000E+000
 845.00,1.8051E-005
 845.50,6.9759E-005
 846.00,0.0000E+000
 846.50,0.0000E+000
 847.00,0.0000E+000
 847.50,0.0000E+000
 848.00,0.0000E+000
 848.50,4.1590E-006
 849.00,8.3666E-007
 849.50,0.0000E+000
 850.00,0.0000E+000
 850.50,0.0000E+000
 851.00,0.0000E+000
 851.50,0.0000E+000
 852.00,0.0000E+000
 852.50,0.0000E+000
 853.00,5.0464E-006
 853.50,0.0000E+000
 854.00,0.0000E+000
 854.50,0.0000E+000
 855.00,0.0000E+000
 855.50,0.0000E+000
 856.00,0.0000E+000
 856.50,0.0000E+000
 857.00,0.0000E+000
 857.50,2.9134E-005
 858.00,2.8830E-005
 858.50,0.0000E+000
 859.00,0.0000E+000
 859.50,0.0000E+000
 860.00,0.0000E+000
 860.50,0.0000E+000
 861.00,0.0000E+000
 861.50,0.0000E+000
 862.00,0.0000E+000
 862.50,0.0000E+000
 863.00,0.0000E+000
 863.50,0.0000E+000
 864.00,0.0000E+000
 864.50,0.0000E+000
 865.00,0.0000E+000
 865.50,0.0000E+000
 866.00,0.0000E+000
 866.50,0.0000E+000
 867.00,0.0000E+000
 867.50,0.0000E+000
 868.00,2.4510E-005
 868.50,0.0000E+000
 869.00,0.0000E+000
 869.50,0.0000E+000
 870.00,0.0000E+000
 870.50,0.0000E+000
 871.00,0.0000E+000
 871.50,0.0000E+000
 872.00,0.0000E+000
 872.50,7.4477E-007
 873.00,0.0000E+000
 873.50,0.0000E+000
 874.00,0.0000E+000
 874.50,0.0000E+000
 875.00,0.0000E+000
 875.50,0.0000E+000
 876.00,0.0000E+000
 876.50,0.0000E+000
 877.00,0.0000E+000
 877.50,2.2020E-005
 878.00,0.0000E+000
 878.50,0.0000E+000
 879.00,0.0000E+000
 879.50,0.0000E+000
 880.00,0.0000E+000
 880.50,0.0000E+000
 881.00,0.0000E+000
 881.50,0.0000E+000
 882.00,0.0000E+000
 882.50,0.0000E+000
 883.00,0.0000E+000
 883.50,0.0000E+000
 884.00,0.0000E+000
 884.50,0.0000E+000
 885.00,0.0000E+000
 885.50,0.0000E+000
 886.00,0.0000E+000
 886.50,0.0000E+000
 887.00,0.0000E+000
 887.50,0.0000E+000
 888.00,0.0000E+000
 888.50,0.0000E+000
 889.00,0.0000E+000
 889.50,0.0000E+000
 890.00,0.0000E+000
 890.50,0.0000E+000
 891.00,0.0000E+000
 891.50,0.0000E+000
 892.00,0.0000E+000
 892.50,0.0000E+000
 893.00,0.0000E+000
 893.50,0.0000E+000
 894.00,0.0000E+000
 894.50,0.0000E+000
 895.00,0.0000E+000
 895.50,0.0000E+000
 896.00,0.0000E+000
 896.50,0.0000E+000
 897.00,0.0000E+000
 897.50,0.0000E+000
 898.00,0.0000E+000
 898.50,0.0000E+000
 899.00,0.0000E+000
 899.50,0.0000E+000

