wavelength,relativeIntensity
 273.00,0.0000E+000
 273.50,0.0000E+000
 274.00,0.0000E+000
 274.50,0.0000E+000
 275.00,0.0000E+000
 275.50,0.0000E+000
 276.00,0.0000E+000
 276.50,0.0000E+000
 277.00,0.0000E+000
 277.50,0.0000E+000
 278.00,0.0000E+000
 278.50,0.0000E+000
 279.00,0.0000E+000
 279.50,0.0000E+000
 280.00,0.0000E+000
 280.50,0.0000E+000
 281.00,0.0000E+000
 281.50,0.0000E+000
 282.00,0.0000E+000
 282.50,0.0000E+000
 283.00,0.0000E+000
 283.50,0.0000E+000
 284.00,0.0000E+000
 284.50,0.0000E+000
 285.00,0.0000E+000
 285.50,0.0000E+000
 286.00,0.0000E+000
 286.50,0.0000E+000
 287.00,0.0000E+000
 287.50,0.0000E+000
 288.00,0.0000E+000
 288.50,0.0000E+000
 289.00,0.0000E+000
 289.50,0.0000E+000
 290.00,0.0000E+000
 290.50,0.0000E+000
 291.00,0.0000E+000
 291.50,0.0000E+000
 292.00,0.0000E+000
 292.50,0.0000E+000
 293.00,0.0000E+000
 293.50,0.0000E+000
 294.00,0.0000E+000
 294.50,0.0000E+000
 295.00,0.0000E+000
 295.50,0.0000E+000
 296.00,0.0000E+000
 296.50,0.0000E+000
 297.00,0.0000E+000
 297.50,0.0000E+000
 298.00,0.0000E+000
 298.50,0.0000E+000
 299.00,0.0000E+000
 299.50,0.0000E+000
 300.00,0.0000E+000
 300.50,0.0000E+000
 301.00,0.0000E+000
 301.50,0.0000E+000
 302.00,0.0000E+000
 302.50,0.0000E+000
 303.00,0.0000E+000
 303.50,0.0000E+000
 304.00,0.0000E+000
 304.50,0.0000E+000
 305.00,0.0000E+000
 305.50,0.0000E+000
 306.00,0.0000E+000
 306.50,0.0000E+000
 307.00,0.0000E+000
 307.50,0.0000E+000
 308.00,0.0000E+000
 308.50,0.0000E+000
 309.00,0.0000E+000
 309.50,0.0000E+000
 310.00,0.0000E+000
 310.50,0.0000E+000
 311.00,0.0000E+000
 311.50,0.0000E+000
 312.00,0.0000E+000
 312.50,0.0000E+000
 313.00,0.0000E+000
 313.50,0.0000E+000
 314.00,0.0000E+000
 314.50,0.0000E+000
 315.00,0.0000E+000
 315.50,0.0000E+000
 316.00,0.0000E+000
 316.50,0.0000E+000
 317.00,0.0000E+000
 317.50,0.0000E+000
 318.00,0.0000E+000
 318.50,0.0000E+000
 319.00,0.0000E+000
 319.50,0.0000E+000
 320.00,0.0000E+000
 320.50,0.0000E+000
 321.00,0.0000E+000
 321.50,0.0000E+000
 322.00,0.0000E+000
 322.50,0.0000E+000
 323.00,0.0000E+000
 323.50,0.0000E+000
 324.00,0.0000E+000
 324.50,0.0000E+000
 325.00,0.0000E+000
 325.50,0.0000E+000
 326.00,0.0000E+000
 326.50,0.0000E+000
 327.00,0.0000E+000
 327.50,0.0000E+000
 328.00,0.0000E+000
 328.50,0.0000E+000
 329.00,0.0000E+000
 329.50,0.0000E+000
 330.00,0.0000E+000
 330.50,0.0000E+000
 331.00,0.0000E+000
 331.50,0.0000E+000
 332.00,0.0000E+000
 332.50,0.0000E+000
 333.00,0.0000E+000
 333.50,0.0000E+000
 334.00,0.0000E+000
 334.50,0.0000E+000
 335.00,0.0000E+000
 335.50,0.0000E+000
 336.00,0.0000E+000
 336.50,0.0000E+000
 337.00,0.0000E+000
 337.50,0.0000E+000
 338.00,0.0000E+000
 338.50,0.0000E+000
 339.00,0.0000E+000
 339.50,0.0000E+000
 340.00,0.0000E+000
 340.50,0.0000E+000
 341.00,0.0000E+000
 341.50,0.0000E+000
 342.00,0.0000E+000
 342.50,0.0000E+000
 343.00,0.0000E+000
 343.50,0.0000E+000
 344.00,0.0000E+000
 344.50,0.0000E+000
 345.00,0.0000E+000
 345.50,0.0000E+000
 346.00,0.0000E+000
 346.50,0.0000E+000
 347.00,0.0000E+000
 347.50,0.0000E+000
 348.00,0.0000E+000
 348.50,0.0000E+000
 349.00,0.0000E+000
 349.50,0.0000E+000
 350.00,0.0000E+000
 350.50,0.0000E+000
 351.00,0.0000E+000
 351.50,0.0000E+000
 352.00,0.0000E+000
 352.50,0.0000E+000
 353.00,0.0000E+000
 353.50,0.0000E+000
 354.00,0.0000E+000
 354.50,0.0000E+000
 355.00,0.0000E+000
 355.50,0.0000E+000
 356.00,0.0000E+000
 356.50,0.0000E+000
 357.00,0.0000E+000
 357.50,0.0000E+000
 358.00,0.0000E+000
 358.50,0.0000E+000
 359.00,0.0000E+000
 359.50,0.0000E+000
 360.00,0.0000E+000
 360.50,0.0000E+000
 361.00,0.0000E+000
 361.50,0.0000E+000
 362.00,0.0000E+000
 362.50,0.0000E+000
 363.00,0.0000E+000
 363.50,0.0000E+000
 364.00,0.0000E+000
 364.50,0.0000E+000
 365.00,0.0000E+000
 365.50,0.0000E+000
 366.00,0.0000E+000
 366.50,0.0000E+000
 367.00,0.0000E+000
 367.50,0.0000E+000
 368.00,0.0000E+000
 368.50,0.0000E+000
 369.00,0.0000E+000
 369.50,0.0000E+000
 370.00,0.0000E+000
 370.50,0.0000E+000
 371.00,0.0000E+000
 371.50,0.0000E+000
 372.00,0.0000E+000
 372.50,0.0000E+000
 373.00,0.0000E+000
 373.50,0.0000E+000
 374.00,0.0000E+000
 374.50,0.0000E+000
 375.00,0.0000E+000
 375.50,0.0000E+000
 376.00,0.0000E+000
 376.50,0.0000E+000
 377.00,0.0000E+000
 377.50,0.0000E+000
 378.00,0.0000E+000
 378.50,3.3352E-005
 379.00,2.0496E-005
 379.50,2.8528E-005
 380.00,1.0653E-005
 380.50,0.0000E+000
 381.00,0.0000E+000
 381.50,0.0000E+000
 382.00,0.0000E+000
 382.50,0.0000E+000
 383.00,0.0000E+000
 383.50,0.0000E+000
 384.00,0.0000E+000
 384.50,0.0000E+000
 385.00,0.0000E+000
 385.50,0.0000E+000
 386.00,0.0000E+000
 386.50,0.0000E+000
 387.00,6.2551E-006
 387.50,4.5612E-005
 388.00,6.8476E-005
 388.50,1.0267E-004
 389.00,9.8917E-005
 389.50,8.0426E-005
 390.00,1.2653E-004
 390.50,1.6688E-004
 391.00,2.2399E-004
 391.50,2.5623E-004
 392.00,2.0404E-004
 392.50,1.7281E-004
 393.00,2.1711E-004
 393.50,2.5966E-004
 394.00,3.3043E-004
 394.50,3.6735E-004
 395.00,3.4718E-004
 395.50,2.8953E-004
 396.00,2.4899E-004
 396.50,2.3891E-004
 397.00,2.5814E-004
 397.50,3.1320E-004
 398.00,3.3694E-004
 398.50,3.8837E-004
 399.00,4.1770E-004
 399.50,4.3526E-004
 400.00,3.9592E-004
 400.50,3.5959E-004
 401.00,3.3999E-004
 401.50,3.4415E-004
 402.00,3.4200E-004
 402.50,3.4637E-004
 403.00,3.2366E-004
 403.50,3.2304E-004
 404.00,3.7813E-004
 404.50,3.9161E-004
 405.00,3.9701E-004
 405.50,3.3610E-004
 406.00,2.5300E-004
 406.50,2.1984E-004
 407.00,2.7712E-004
 407.50,3.8023E-004
 408.00,4.6158E-004
 408.50,5.1913E-004
 409.00,5.1737E-004
 409.50,5.2955E-004
 410.00,5.5028E-004
 410.50,5.4668E-004
 411.00,5.4883E-004
 411.50,5.2366E-004
 412.00,5.4825E-004
 412.50,6.0456E-004
 413.00,6.3730E-004
 413.50,6.6183E-004
 414.00,6.4053E-004
 414.50,6.1838E-004
 415.00,6.0373E-004
 415.50,6.3413E-004
 416.00,6.5628E-004
 416.50,6.6808E-004
 417.00,6.8471E-004
 417.50,7.0377E-004
 418.00,7.2916E-004
 418.50,7.8079E-004
 419.00,8.0975E-004
 419.50,8.2241E-004
 420.00,8.3213E-004
 420.50,8.1773E-004
 421.00,7.3689E-004
 421.50,6.4644E-004
 422.00,5.9775E-004
 422.50,6.0457E-004
 423.00,6.9510E-004
 423.50,7.8084E-004
 424.00,8.1553E-004
 424.50,8.5374E-004
 425.00,8.4964E-004
 425.50,8.5107E-004
 426.00,8.7558E-004
 426.50,8.7083E-004
 427.00,8.2874E-004
 427.50,8.3173E-004
 428.00,8.2499E-004
 428.50,8.5230E-004
 429.00,9.0232E-004
 429.50,9.2867E-004
 430.00,9.2423E-004
 430.50,9.3782E-004
 431.00,9.1602E-004
 431.50,9.3499E-004
 432.00,9.4272E-004
 432.50,9.4783E-004
 433.00,9.9327E-004
 433.50,1.0199E-003
 434.00,1.0663E-003
 434.50,1.0694E-003
 435.00,1.0225E-003
 435.50,1.0190E-003
 436.00,1.0244E-003
 436.50,1.1266E-003
 437.00,1.2118E-003
 437.50,1.2417E-003
 438.00,1.2033E-003
 438.50,1.1351E-003
 439.00,1.0985E-003
 439.50,1.1361E-003
 440.00,1.1706E-003
 440.50,1.1893E-003
 441.00,1.2514E-003
 441.50,1.2669E-003
 442.00,1.2987E-003
 442.50,1.2805E-003
 443.00,1.2533E-003
 443.50,1.2404E-003
 444.00,1.2047E-003
 444.50,1.2583E-003
 445.00,1.2853E-003
 445.50,1.3174E-003
 446.00,1.3375E-003
 446.50,1.3737E-003
 447.00,1.4091E-003
 447.50,1.4527E-003
 448.00,1.4674E-003
 448.50,1.4611E-003
 449.00,1.4916E-003
 449.50,1.4776E-003
 450.00,1.4599E-003
 450.50,1.4591E-003
 451.00,1.4727E-003
 451.50,1.4908E-003
 452.00,1.4873E-003
 452.50,1.5045E-003
 453.00,1.5383E-003
 453.50,1.5754E-003
 454.00,1.6016E-003
 454.50,1.6013E-003
 455.00,1.6539E-003
 455.50,1.6738E-003
 456.00,1.6445E-003
 456.50,1.6125E-003
 457.00,1.5927E-003
 457.50,1.6738E-003
 458.00,1.7576E-003
 458.50,1.8196E-003
 459.00,1.8609E-003
 459.50,1.8618E-003
 460.00,1.8667E-003
 460.50,1.8691E-003
 461.00,1.8639E-003
 461.50,1.8198E-003
 462.00,1.8048E-003
 462.50,1.8095E-003
 463.00,1.8639E-003
 463.50,1.8939E-003
 464.00,1.9191E-003
 464.50,1.9350E-003
 465.00,1.9890E-003
 465.50,2.0378E-003
 466.00,2.0442E-003
 466.50,2.0554E-003
 467.00,2.0521E-003
 467.50,2.0623E-003
 468.00,2.0867E-003
 468.50,2.1442E-003
 469.00,2.1829E-003
 469.50,2.1982E-003
 470.00,2.1909E-003
 470.50,2.1640E-003
 471.00,2.1927E-003
 471.50,2.1720E-003
 472.00,2.1440E-003
 472.50,2.1479E-003
 473.00,2.1916E-003
 473.50,2.2530E-003
 474.00,2.3099E-003
 474.50,2.3459E-003
 475.00,2.3928E-003
 475.50,2.4081E-003
 476.00,2.4167E-003
 476.50,2.3888E-003
 477.00,2.4090E-003
 477.50,2.4231E-003
 478.00,2.4753E-003
 478.50,2.5537E-003
 479.00,2.5689E-003
 479.50,2.6107E-003
 480.00,2.6021E-003
 480.50,2.5889E-003
 481.00,2.5995E-003
 481.50,2.6033E-003
 482.00,2.6158E-003
 482.50,2.6332E-003
 483.00,2.6228E-003
 483.50,2.6010E-003
 484.00,2.6399E-003
 484.50,2.7027E-003
 485.00,2.7513E-003
 485.50,2.7850E-003
 486.00,2.7670E-003
 486.50,2.7932E-003
 487.00,2.8346E-003
 487.50,2.8694E-003
 488.00,2.8981E-003
 488.50,2.9053E-003
 489.00,2.9133E-003
 489.50,2.9437E-003
 490.00,2.9809E-003
 490.50,3.0110E-003
 491.00,3.0590E-003
 491.50,3.0847E-003
 492.00,3.0977E-003
 492.50,3.1203E-003
 493.00,3.1522E-003
 493.50,3.1972E-003
 494.00,3.2307E-003
 494.50,3.2317E-003
 495.00,3.2287E-003
 495.50,3.2618E-003
 496.00,3.2795E-003
 496.50,3.3099E-003
 497.00,3.3314E-003
 497.50,3.3456E-003
 498.00,3.3687E-003
 498.50,3.3874E-003
 499.00,3.4278E-003
 499.50,3.4649E-003
 500.00,3.4940E-003
 500.50,3.5006E-003
 501.00,3.5276E-003
 501.50,3.5514E-003
 502.00,3.5788E-003
 502.50,3.6022E-003
 503.00,3.6394E-003
 503.50,3.6898E-003
 504.00,3.7241E-003
 504.50,3.7253E-003
 505.00,3.7478E-003
 505.50,3.7689E-003
 506.00,3.7950E-003
 506.50,3.8060E-003
 507.00,3.8245E-003
 507.50,3.8688E-003
 508.00,3.9308E-003
 508.50,3.9713E-003
 509.00,4.0051E-003
 509.50,4.0300E-003
 510.00,4.0629E-003
 510.50,4.0755E-003
 511.00,4.1109E-003
 511.50,4.1338E-003
 512.00,4.1820E-003
 512.50,4.2207E-003
 513.00,4.2478E-003
 513.50,4.2576E-003
 514.00,4.2692E-003
 514.50,4.2949E-003
 515.00,4.3193E-003
 515.50,4.3611E-003
 516.00,4.3788E-003
 516.50,4.4111E-003
 517.00,4.4548E-003
 517.50,4.4643E-003
 518.00,4.5140E-003
 518.50,4.5320E-003
 519.00,4.5719E-003
 519.50,4.6130E-003
 520.00,4.6547E-003
 520.50,4.7203E-003
 521.00,4.7558E-003
 521.50,4.7906E-003
 522.00,4.8121E-003
 522.50,4.8384E-003
 523.00,4.8565E-003
 523.50,4.8650E-003
 524.00,4.9012E-003
 524.50,4.9418E-003
 525.00,4.9865E-003
 525.50,4.9909E-003
 526.00,4.9876E-003
 526.50,5.0241E-003
 527.00,5.0785E-003
 527.50,5.1526E-003
 528.00,5.2109E-003
 528.50,5.2768E-003
 529.00,5.3323E-003
 529.50,5.3393E-003
 530.00,5.3342E-003
 530.50,5.3290E-003
 531.00,5.3554E-003
 531.50,5.3724E-003
 532.00,5.3973E-003
 532.50,5.4286E-003
 533.00,5.4830E-003
 533.50,5.5170E-003
 534.00,5.5648E-003
 534.50,5.6162E-003
 535.00,5.6866E-003
 535.50,5.7399E-003
 536.00,5.7993E-003
 536.50,5.8224E-003
 537.00,5.8340E-003
 537.50,5.8083E-003
 538.00,5.8186E-003
 538.50,5.8415E-003
 539.00,5.8568E-003
 539.50,5.8822E-003
 540.00,5.9067E-003
 540.50,5.9791E-003
 541.00,6.0481E-003
 541.50,6.0748E-003
 542.00,6.1101E-003
 542.50,6.1366E-003
 543.00,6.1741E-003
 543.50,6.2338E-003
 544.00,6.2646E-003
 544.50,6.3122E-003
 545.00,6.3363E-003
 545.50,6.3360E-003
 546.00,6.3458E-003
 546.50,6.3701E-003
 547.00,6.4359E-003
 547.50,6.5168E-003
 548.00,6.5882E-003
 548.50,6.6267E-003
 549.00,6.6459E-003
 549.50,6.6228E-003
 550.00,6.6206E-003
 550.50,6.6288E-003
 551.00,6.6667E-003
 551.50,6.7158E-003
 552.00,6.7354E-003
 552.50,6.7940E-003
 553.00,6.8542E-003
 553.50,6.9274E-003
 554.00,6.9917E-003
 554.50,6.9770E-003
 555.00,6.9721E-003
 555.50,7.0190E-003
 556.00,7.0860E-003
 556.50,7.1539E-003
 557.00,7.1526E-003
 557.50,7.1591E-003
 558.00,7.1698E-003
 558.50,7.2228E-003
 559.00,7.2503E-003
 559.50,7.2886E-003
 560.00,7.3192E-003
 560.50,7.3302E-003
 561.00,7.3256E-003
 561.50,7.3474E-003
 562.00,7.4326E-003
 562.50,7.4968E-003
 563.00,7.4925E-003
 563.50,7.4724E-003
 564.00,7.5019E-003
 564.50,7.5709E-003
 565.00,7.6226E-003
 565.50,7.6572E-003
 566.00,7.6599E-003
 566.50,7.6693E-003
 567.00,7.6481E-003
 567.50,7.6620E-003
 568.00,7.6524E-003
 568.50,7.6879E-003
 569.00,7.7325E-003
 569.50,7.8087E-003
 570.00,7.8522E-003
 570.50,7.8459E-003
 571.00,7.8600E-003
 571.50,7.9054E-003
 572.00,7.9988E-003
 572.50,8.0352E-003
 573.00,8.0354E-003
 573.50,8.0188E-003
 574.00,8.0339E-003
 574.50,8.1063E-003
 575.00,8.2032E-003
 575.50,8.2840E-003
 576.00,8.3272E-003
 576.50,8.3391E-003
 577.00,8.3259E-003
 577.50,8.3153E-003
 578.00,8.3148E-003
 578.50,8.3435E-003
 579.00,8.3761E-003
 579.50,8.3871E-003
 580.00,8.3868E-003
 580.50,8.3988E-003
 581.00,8.4278E-003
 581.50,8.4668E-003
 582.00,8.5388E-003
 582.50,8.5683E-003
 583.00,8.6035E-003
 583.50,8.6108E-003
 584.00,8.6187E-003
 584.50,8.6913E-003
 585.00,8.7423E-003
 585.50,8.7526E-003
 586.00,8.7301E-003
 586.50,8.7191E-003
 587.00,8.7356E-003
 587.50,8.7472E-003
 588.00,8.7634E-003
 588.50,8.7971E-003
 589.00,8.8764E-003
 589.50,8.9357E-003
 590.00,8.9971E-003
 590.50,9.0103E-003
 591.00,8.9929E-003
 591.50,8.9692E-003
 592.00,8.9651E-003
 592.50,8.9947E-003
 593.00,9.0196E-003
 593.50,9.0749E-003
 594.00,9.0983E-003
 594.50,9.0995E-003
 595.00,9.1015E-003
 595.50,9.1060E-003
 596.00,9.1337E-003
 596.50,9.2088E-003
 597.00,9.2832E-003
 597.50,9.3280E-003
 598.00,9.3171E-003
 598.50,9.2544E-003
 599.00,9.2494E-003
 599.50,9.2925E-003
 600.00,9.3692E-003
 600.50,9.4201E-003
 601.00,9.3926E-003
 601.50,9.3546E-003
 602.00,9.3225E-003
 602.50,9.3580E-003
 603.00,9.3978E-003
 603.50,9.4526E-003
 604.00,9.4934E-003
 604.50,9.5526E-003
 605.00,9.5572E-003
 605.50,9.5171E-003
 606.00,9.5039E-003
 606.50,9.5485E-003
 607.00,9.6379E-003
 607.50,9.6582E-003
 608.00,9.6260E-003
 608.50,9.6361E-003
 609.00,9.6932E-003
 609.50,9.7489E-003
 610.00,9.7242E-003
 610.50,9.6932E-003
 611.00,9.7255E-003
 611.50,9.7816E-003
 612.00,9.8483E-003
 612.50,9.8656E-003
 613.00,9.8833E-003
 613.50,9.8513E-003
 614.00,9.8083E-003
 614.50,9.8080E-003
 615.00,9.8573E-003
 615.50,9.8779E-003
 616.00,9.8751E-003
 616.50,9.8542E-003
 617.00,9.8464E-003
 617.50,9.8755E-003
 618.00,9.8907E-003
 618.50,9.9585E-003
 619.00,9.9850E-003
 619.50,9.9855E-003
 620.00,9.9941E-003
 620.50,9.9851E-003
 621.00,1.0026E-002
 621.50,1.0057E-002
 622.00,1.0055E-002
 622.50,1.0056E-002
 623.00,1.0086E-002
 623.50,1.0153E-002
 624.00,1.0199E-002
 624.50,1.0212E-002
 625.00,1.0194E-002
 625.50,1.0220E-002
 626.00,1.0226E-002
 626.50,1.0241E-002
 627.00,1.0252E-002
 627.50,1.0278E-002
 628.00,1.0298E-002
 628.50,1.0286E-002
 629.00,1.0234E-002
 629.50,1.0214E-002
 630.00,1.0225E-002
 630.50,1.0266E-002
 631.00,1.0331E-002
 631.50,1.0346E-002
 632.00,1.0328E-002
 632.50,1.0255E-002
 633.00,1.0289E-002
 633.50,1.0358E-002
 634.00,1.0421E-002
 634.50,1.0432E-002
 635.00,1.0381E-002
 635.50,1.0410E-002
 636.00,1.0387E-002
 636.50,1.0372E-002
 637.00,1.0380E-002
 637.50,1.0431E-002
 638.00,1.0535E-002
 638.50,1.0575E-002
 639.00,1.0645E-002
 639.50,1.0697E-002
 640.00,1.0746E-002
 640.50,1.0766E-002
 641.00,1.0776E-002
 641.50,1.0765E-002
 642.00,1.0732E-002
 642.50,1.0727E-002
 643.00,1.0719E-002
 643.50,1.0698E-002
 644.00,1.0672E-002
 644.50,1.0666E-002
 645.00,1.0707E-002
 645.50,1.0696E-002
 646.00,1.0725E-002
 646.50,1.0737E-002
 647.00,1.0772E-002
 647.50,1.0791E-002
 648.00,1.0826E-002
 648.50,1.0902E-002
 649.00,1.0931E-002
 649.50,1.0841E-002
 650.00,1.0778E-002
 650.50,1.0802E-002
 651.00,1.0911E-002
 651.50,1.1013E-002
 652.00,1.1029E-002
 652.50,1.1024E-002
 653.00,1.1005E-002
 653.50,1.0974E-002
 654.00,1.0982E-002
 654.50,1.0970E-002
 655.00,1.1012E-002
 655.50,1.1018E-002
 656.00,1.1038E-002
 656.50,1.1051E-002
 657.00,1.1042E-002
 657.50,1.0965E-002
 658.00,1.0887E-002
 658.50,1.0915E-002
 659.00,1.0978E-002
 659.50,1.1046E-002
 660.00,1.1033E-002
 660.50,1.1026E-002
 661.00,1.0970E-002
 661.50,1.0963E-002
 662.00,1.0997E-002
 662.50,1.1102E-002
 663.00,1.1189E-002
 663.50,1.1209E-002
 664.00,1.1160E-002
 664.50,1.1110E-002
 665.00,1.1070E-002
 665.50,1.1077E-002
 666.00,1.1064E-002
 666.50,1.1016E-002
 667.00,1.0944E-002
 667.50,1.0990E-002
 668.00,1.1133E-002
 668.50,1.1272E-002
 669.00,1.1234E-002
 669.50,1.1210E-002
 670.00,1.1205E-002
 670.50,1.1222E-002
 671.00,1.1158E-002
 671.50,1.1134E-002
 672.00,1.1111E-002
 672.50,1.1117E-002
 673.00,1.1132E-002
 673.50,1.1148E-002
 674.00,1.1177E-002
 674.50,1.1189E-002
 675.00,1.1343E-002
 675.50,1.1387E-002
 676.00,1.1306E-002
 676.50,1.1162E-002
 677.00,1.1185E-002
 677.50,1.1226E-002
 678.00,1.1279E-002
 678.50,1.1259E-002
 679.00,1.1335E-002
 679.50,1.1369E-002
 680.00,1.1386E-002
 680.50,1.1382E-002
 681.00,1.1351E-002
 681.50,1.1376E-002
 682.00,1.1428E-002
 682.50,1.1477E-002
 683.00,1.1463E-002
 683.50,1.1367E-002
 684.00,1.1250E-002
 684.50,1.1248E-002
 685.00,1.1334E-002
 685.50,1.1388E-002
 686.00,1.1359E-002
 686.50,1.1289E-002
 687.00,1.1313E-002
 687.50,1.1392E-002
 688.00,1.1410E-002
 688.50,1.1423E-002
 689.00,1.1312E-002
 689.50,1.1269E-002
 690.00,1.1281E-002
 690.50,1.1375E-002
 691.00,1.1413E-002
 691.50,1.1389E-002
 692.00,1.1412E-002
 692.50,1.1466E-002
 693.00,1.1474E-002
 693.50,1.1531E-002
 694.00,1.1649E-002
 694.50,1.1779E-002
 695.00,1.1802E-002
 695.50,1.1789E-002
 696.00,1.1877E-002
 696.50,1.1848E-002
 697.00,1.1810E-002
 697.50,1.1712E-002
 698.00,1.1719E-002
 698.50,1.1627E-002
 699.00,1.1561E-002
 699.50,1.1491E-002
 700.00,1.1497E-002
 700.50,1.1497E-002
 701.00,1.1617E-002
 701.50,1.1701E-002
 702.00,1.1788E-002
 702.50,1.1866E-002
 703.00,1.1869E-002
 703.50,1.1820E-002
 704.00,1.1768E-002
 704.50,1.1873E-002
 705.00,1.1960E-002
 705.50,1.2015E-002
 706.00,1.1948E-002
 706.50,1.1898E-002
 707.00,1.1820E-002
 707.50,1.1918E-002
 708.00,1.1976E-002
 708.50,1.2004E-002
 709.00,1.1863E-002
 709.50,1.1683E-002
 710.00,1.1596E-002
 710.50,1.1632E-002
 711.00,1.1812E-002
 711.50,1.1901E-002
 712.00,1.1897E-002
 712.50,1.1839E-002
 713.00,1.1887E-002
 713.50,1.1941E-002
 714.00,1.2001E-002
 714.50,1.1981E-002
 715.00,1.2014E-002
 715.50,1.2072E-002
 716.00,1.2079E-002
 716.50,1.2100E-002
 717.00,1.2050E-002
 717.50,1.2051E-002
 718.00,1.2048E-002
 718.50,1.2096E-002
 719.00,1.2201E-002
 719.50,1.2200E-002
 720.00,1.2189E-002
 720.50,1.2132E-002
 721.00,1.2151E-002
 721.50,1.2066E-002
 722.00,1.1993E-002
 722.50,1.2032E-002
 723.00,1.2071E-002
 723.50,1.2157E-002
 724.00,1.2173E-002
 724.50,1.2230E-002
 725.00,1.2194E-002
 725.50,1.2129E-002
 726.00,1.2046E-002
 726.50,1.2021E-002
 727.00,1.2010E-002
 727.50,1.2121E-002
 728.00,1.2194E-002
 728.50,1.2294E-002
 729.00,1.2302E-002
 729.50,1.2247E-002
 730.00,1.2194E-002
 730.50,1.2321E-002
 731.00,1.2462E-002
 731.50,1.2385E-002
 732.00,1.2119E-002
 732.50,1.1973E-002
 733.00,1.2034E-002
 733.50,1.2254E-002
 734.00,1.2434E-002
 734.50,1.2525E-002
 735.00,1.2455E-002
 735.50,1.2355E-002
 736.00,1.2179E-002
 736.50,1.2143E-002
 737.00,1.2186E-002
 737.50,1.2293E-002
 738.00,1.2274E-002
 738.50,1.2226E-002
 739.00,1.2137E-002
 739.50,1.2152E-002
 740.00,1.2221E-002
 740.50,1.2316E-002
 741.00,1.2275E-002
 741.50,1.2228E-002
 742.00,1.2282E-002
 742.50,1.2376E-002
 743.00,1.2382E-002
 743.50,1.2345E-002
 744.00,1.2292E-002
 744.50,1.2348E-002
 745.00,1.2466E-002
 745.50,1.2543E-002
 746.00,1.2512E-002
 746.50,1.2455E-002
 747.00,1.2345E-002
 747.50,1.2228E-002
 748.00,1.2177E-002
 748.50,1.2383E-002
 749.00,1.2533E-002
 749.50,1.2490E-002
 750.00,1.2280E-002
 750.50,1.2179E-002
 751.00,1.2173E-002
 751.50,1.2294E-002
 752.00,1.2442E-002
 752.50,1.2501E-002
 753.00,1.2393E-002
 753.50,1.2251E-002
 754.00,1.2165E-002
 754.50,1.2265E-002
 755.00,1.2325E-002
 755.50,1.2376E-002
 756.00,1.2445E-002
 756.50,1.2404E-002
 757.00,1.2231E-002
 757.50,1.2148E-002
 758.00,1.2303E-002
 758.50,1.2387E-002
 759.00,1.2451E-002
 759.50,1.2546E-002
 760.00,1.2540E-002
 760.50,1.2408E-002
 761.00,1.2191E-002
 761.50,1.2154E-002
 762.00,1.2180E-002
 762.50,1.2385E-002
 763.00,1.2315E-002
 763.50,1.2210E-002
 764.00,1.2131E-002
 764.50,1.2377E-002
 765.00,1.2473E-002
 765.50,1.2431E-002
 766.00,1.2255E-002
 766.50,1.2222E-002
 767.00,1.2214E-002
 767.50,1.2233E-002
 768.00,1.2227E-002
 768.50,1.2116E-002
 769.00,1.2127E-002
 769.50,1.2323E-002
 770.00,1.2576E-002
 770.50,1.2433E-002
 771.00,1.2253E-002
 771.50,1.2151E-002
 772.00,1.2370E-002
 772.50,1.2538E-002
 773.00,1.2553E-002
 773.50,1.2410E-002
 774.00,1.2352E-002
 774.50,1.2367E-002
 775.00,1.2441E-002
 775.50,1.2565E-002
 776.00,1.2620E-002
 776.50,1.2519E-002
 777.00,1.2372E-002
 777.50,1.2190E-002
 778.00,1.2018E-002
 778.50,1.2064E-002
 779.00,1.2154E-002
 779.50,1.2257E-002
 780.00,1.2094E-002
 780.50,1.2127E-002
 781.00,1.2296E-002
 781.50,1.2510E-002
 782.00,1.2396E-002
 782.50,1.2294E-002
 783.00,1.2261E-002
 783.50,1.2473E-002
 784.00,1.2654E-002
 784.50,1.2601E-002
 785.00,1.2482E-002
 785.50,1.2309E-002
 786.00,1.2152E-002
 786.50,1.1945E-002
 787.00,1.1857E-002
 787.50,1.2033E-002
 788.00,1.2278E-002
 788.50,1.2223E-002
 789.00,1.2097E-002
 789.50,1.2123E-002
 790.00,1.2306E-002
 790.50,1.2475E-002
 791.00,1.2499E-002
 791.50,1.2558E-002
 792.00,1.2474E-002
 792.50,1.2461E-002
 793.00,1.2416E-002
 793.50,1.2342E-002
 794.00,1.2241E-002
 794.50,1.2095E-002
 795.00,1.1869E-002
 795.50,1.1577E-002
 796.00,1.1759E-002
 796.50,1.2189E-002
 797.00,1.2279E-002
 797.50,1.2201E-002
 798.00,1.2279E-002
 798.50,1.2391E-002
 799.00,1.2510E-002
 799.50,1.2424E-002
 800.00,1.2275E-002
 800.50,1.2052E-002
 801.00,1.1807E-002
 801.50,1.1825E-002
 802.00,1.2185E-002
 802.50,1.2345E-002
 803.00,1.2108E-002
 803.50,1.1864E-002
 804.00,1.2061E-002
 804.50,1.2404E-002
 805.00,1.2534E-002
 805.50,1.2347E-002
 806.00,1.2229E-002
 806.50,1.2074E-002
 807.00,1.2073E-002
 807.50,1.2234E-002
 808.00,1.2165E-002
 808.50,1.2098E-002
 809.00,1.2064E-002
 809.50,1.2413E-002
 810.00,1.2710E-002
 810.50,1.2783E-002
 811.00,1.2468E-002
 811.50,1.2405E-002
 812.00,1.2278E-002
 812.50,1.2257E-002
 813.00,1.2377E-002
 813.50,1.2458E-002
 814.00,1.2527E-002
 814.50,1.2457E-002
 815.00,1.2241E-002
 815.50,1.1902E-002
 816.00,1.1741E-002
 816.50,1.1982E-002
 817.00,1.2359E-002
 817.50,1.2369E-002
 818.00,1.2272E-002
 818.50,1.2095E-002
 819.00,1.2147E-002
 819.50,1.2337E-002
 820.00,1.2014E-002
 820.50,1.1570E-002
 821.00,1.1435E-002
 821.50,1.1868E-002
 822.00,1.2274E-002
 822.50,1.2118E-002
 823.00,1.1906E-002
 823.50,1.1891E-002
 824.00,1.2001E-002
 824.50,1.1871E-002
 825.00,1.1910E-002
 825.50,1.1759E-002
 826.00,1.1929E-002
 826.50,1.2197E-002
 827.00,1.1990E-002
 827.50,1.1516E-002
 828.00,1.1635E-002
 828.50,1.1906E-002
 829.00,1.1636E-002
 829.50,1.1065E-002
 830.00,1.1282E-002
 830.50,1.1573E-002
 831.00,1.1726E-002
 831.50,1.1808E-002
 832.00,1.1998E-002
 832.50,1.2066E-002
 833.00,1.2117E-002
 833.50,1.1947E-002
 834.00,1.1764E-002
 834.50,1.1916E-002
 835.00,1.2011E-002
 835.50,1.2071E-002
 836.00,1.2293E-002
 836.50,1.2496E-002
 837.00,1.2185E-002
 837.50,1.1966E-002
 838.00,1.2001E-002
 838.50,1.1993E-002
 839.00,1.1784E-002
 839.50,1.1654E-002
 840.00,1.1614E-002
 840.50,1.2096E-002
 841.00,1.2046E-002
 841.50,1.1804E-002
 842.00,1.1797E-002
 842.50,1.1492E-002
 843.00,1.1265E-002
 843.50,1.1338E-002
 844.00,1.1670E-002
 844.50,1.1763E-002
 845.00,1.1746E-002
 845.50,1.1382E-002
 846.00,1.0905E-002
 846.50,1.0777E-002
 847.00,1.1276E-002
 847.50,1.1325E-002
 848.00,1.1178E-002
 848.50,1.1367E-002
 849.00,1.1531E-002
 849.50,1.1575E-002
 850.00,1.1579E-002
 850.50,1.1605E-002
 851.00,1.1599E-002
 851.50,1.1724E-002
 852.00,1.1595E-002
 852.50,1.1411E-002
 853.00,1.1271E-002
 853.50,1.1447E-002
 854.00,1.1697E-002
 854.50,1.1938E-002
 855.00,1.1801E-002
 855.50,1.1858E-002
 856.00,1.2030E-002
 856.50,1.1491E-002
 857.00,1.0782E-002
 857.50,1.0614E-002
 858.00,1.0821E-002
 858.50,1.1043E-002
 859.00,1.1232E-002
 859.50,1.1437E-002
 860.00,1.1762E-002
 860.50,1.1837E-002
 861.00,1.1675E-002
 861.50,1.1146E-002
 862.00,1.1044E-002
 862.50,1.1319E-002
 863.00,1.1512E-002
 863.50,1.1102E-002
 864.00,1.0724E-002
 864.50,1.0401E-002
 865.00,1.0090E-002
 865.50,9.9514E-003
 866.00,9.9537E-003
 866.50,1.0407E-002
 867.00,1.0695E-002
 867.50,1.0566E-002
 868.00,1.1348E-002
 868.50,1.1594E-002
 869.00,1.1171E-002
 869.50,1.0751E-002
 870.00,1.0550E-002
 870.50,1.0800E-002
 871.00,1.0623E-002
 871.50,1.0435E-002
 872.00,1.0152E-002
 872.50,9.9900E-003
 873.00,9.8854E-003
 873.50,1.0102E-002
 874.00,1.0432E-002
 874.50,1.0406E-002
 875.00,9.8771E-003
 875.50,1.0228E-002
 876.00,1.0374E-002
 876.50,1.0531E-002
 877.00,1.0529E-002
 877.50,1.0821E-002
 878.00,1.0323E-002
 878.50,1.0158E-002
 879.00,1.0726E-002
 879.50,1.1377E-002
 880.00,1.0663E-002
 880.50,1.0185E-002
 881.00,1.0309E-002
 881.50,1.0154E-002
 882.00,9.9869E-003
 882.50,1.0380E-002
 883.00,1.1010E-002
 883.50,1.0662E-002
 884.00,1.0180E-002
 884.50,9.8407E-003
 885.00,1.0504E-002
 885.50,1.1372E-002
 886.00,1.1425E-002
 886.50,1.0220E-002
 887.00,9.2348E-003
 887.50,1.0200E-002
 888.00,1.1176E-002
 888.50,1.0602E-002
 889.00,1.0203E-002
 889.50,1.0034E-002
 890.00,9.7171E-003
 890.50,9.8914E-003
 891.00,9.7993E-003
 891.50,8.8774E-003
 892.00,9.2345E-003
 892.50,9.5646E-003
 893.00,8.8076E-003
 893.50,8.5448E-003
 894.00,8.9173E-003
 894.50,9.0453E-003
 895.00,9.6544E-003
 895.50,8.9226E-003
 896.00,7.7514E-003
 896.50,7.0370E-003
 897.00,6.9525E-003
 897.50,6.9869E-003
 898.00,6.9289E-003
 898.50,6.5134E-003
 899.00,7.0049E-003
 899.50,1.5048E-004

