wavelength,relativeIntensity
 273.00,0.0000E+000
 273.50,0.0000E+000
 274.00,0.0000E+000
 274.50,0.0000E+000
 275.00,0.0000E+000
 275.50,0.0000E+000
 276.00,0.0000E+000
 276.50,0.0000E+000
 277.00,0.0000E+000
 277.50,0.0000E+000
 278.00,0.0000E+000
 278.50,0.0000E+000
 279.00,0.0000E+000
 279.50,0.0000E+000
 280.00,0.0000E+000
 280.50,0.0000E+000
 281.00,0.0000E+000
 281.50,0.0000E+000
 282.00,0.0000E+000
 282.50,0.0000E+000
 283.00,0.0000E+000
 283.50,0.0000E+000
 284.00,0.0000E+000
 284.50,0.0000E+000
 285.00,0.0000E+000
 285.50,0.0000E+000
 286.00,0.0000E+000
 286.50,0.0000E+000
 287.00,0.0000E+000
 287.50,0.0000E+000
 288.00,0.0000E+000
 288.50,0.0000E+000
 289.00,0.0000E+000
 289.50,0.0000E+000
 290.00,0.0000E+000
 290.50,0.0000E+000
 291.00,0.0000E+000
 291.50,0.0000E+000
 292.00,0.0000E+000
 292.50,0.0000E+000
 293.00,0.0000E+000
 293.50,0.0000E+000
 294.00,0.0000E+000
 294.50,0.0000E+000
 295.00,0.0000E+000
 295.50,0.0000E+000
 296.00,0.0000E+000
 296.50,0.0000E+000
 297.00,0.0000E+000
 297.50,0.0000E+000
 298.00,0.0000E+000
 298.50,0.0000E+000
 299.00,0.0000E+000
 299.50,0.0000E+000
 300.00,2.9228E-003
 300.50,8.0601E-003
 301.00,8.2534E-003
 301.50,8.2861E-003
 302.00,8.1987E-003
 302.50,8.1922E-003
 303.00,8.2629E-003
 303.50,8.2788E-003
 304.00,8.2994E-003
 304.50,8.1254E-003
 305.00,8.0244E-003
 305.50,8.0085E-003
 306.00,7.9622E-003
 306.50,7.8888E-003
 307.00,7.7649E-003
 307.50,7.6975E-003
 308.00,7.7207E-003
 308.50,7.8437E-003
 309.00,7.9183E-003
 309.50,7.8817E-003
 310.00,7.8539E-003
 310.50,7.8707E-003
 311.00,7.9728E-003
 311.50,8.0988E-003
 312.00,8.2033E-003
 312.50,8.2404E-003
 313.00,8.3399E-003
 313.50,8.3915E-003
 314.00,8.3425E-003
 314.50,8.2539E-003
 315.00,8.1017E-003
 315.50,7.9658E-003
 316.00,7.9205E-003
 316.50,7.9282E-003
 317.00,7.9104E-003
 317.50,7.8302E-003
 318.00,7.7178E-003
 318.50,7.6077E-003
 319.00,7.5251E-003
 319.50,7.5489E-003
 320.00,7.5943E-003
 320.50,7.6575E-003
 321.00,7.6723E-003
 321.50,7.6058E-003
 322.00,7.4886E-003
 322.50,7.3525E-003
 323.00,7.2934E-003
 323.50,7.2451E-003
 324.00,7.2429E-003
 324.50,7.2304E-003
 325.00,7.2279E-003
 325.50,7.1846E-003
 326.00,7.1465E-003
 326.50,7.1218E-003
 327.00,7.1616E-003
 327.50,7.2700E-003
 328.00,7.3381E-003
 328.50,7.3767E-003
 329.00,7.4315E-003
 329.50,7.4270E-003
 330.00,7.4913E-003
 330.50,7.5922E-003
 331.00,7.6047E-003
 331.50,7.6146E-003
 332.00,7.5584E-003
 332.50,7.4417E-003
 333.00,7.3992E-003
 333.50,7.4244E-003
 334.00,7.4308E-003
 334.50,7.4529E-003
 335.00,7.4419E-003
 335.50,7.4809E-003
 336.00,7.5629E-003
 336.50,7.6093E-003
 337.00,7.6841E-003
 337.50,7.7323E-003
 338.00,7.7714E-003
 338.50,7.7938E-003
 339.00,7.7811E-003
 339.50,7.7655E-003
 340.00,7.8371E-003
 340.50,7.9100E-003
 341.00,7.9147E-003
 341.50,7.8876E-003
 342.00,7.8538E-003
 342.50,7.8543E-003
 343.00,7.9306E-003
 343.50,8.0356E-003
 344.00,8.1098E-003
 344.50,8.1935E-003
 345.00,8.1967E-003
 345.50,8.1702E-003
 346.00,8.1383E-003
 346.50,8.1492E-003
 347.00,8.1894E-003
 347.50,8.1853E-003
 348.00,8.1851E-003
 348.50,8.1980E-003
 349.00,8.2024E-003
 349.50,8.2037E-003
 350.00,8.1849E-003
 350.50,8.1189E-003
 351.00,8.1121E-003
 351.50,8.1299E-003
 352.00,8.1891E-003
 352.50,8.2411E-003
 353.00,8.3053E-003
 353.50,8.2927E-003
 354.00,8.2650E-003
 354.50,8.2713E-003
 355.00,8.3117E-003
 355.50,8.4144E-003
 356.00,8.4674E-003
 356.50,8.4891E-003
 357.00,8.4914E-003
 357.50,8.4385E-003
 358.00,8.3728E-003
 358.50,8.3730E-003
 359.00,8.4398E-003
 359.50,8.5671E-003
 360.00,8.6818E-003
 360.50,8.7577E-003
 361.00,8.7472E-003
 361.50,8.7445E-003
 362.00,8.7054E-003
 362.50,8.6414E-003
 363.00,8.6026E-003
 363.50,8.5793E-003
 364.00,8.6483E-003
 364.50,8.6927E-003
 365.00,8.7132E-003
 365.50,8.6607E-003
 366.00,8.5879E-003
 366.50,8.5700E-003
 367.00,8.5708E-003
 367.50,8.5851E-003
 368.00,8.6220E-003
 368.50,8.6636E-003
 369.00,8.7193E-003
 369.50,8.8091E-003
 370.00,8.8290E-003
 370.50,8.8168E-003
 371.00,8.8197E-003
 371.50,8.7765E-003
 372.00,8.7733E-003
 372.50,8.7347E-003
 373.00,8.7033E-003
 373.50,8.7375E-003
 374.00,8.7724E-003
 374.50,8.8494E-003
 375.00,8.8774E-003
 375.50,8.8707E-003
 376.00,8.8823E-003
 376.50,8.8574E-003
 377.00,8.8795E-003
 377.50,8.9171E-003
 378.00,8.9360E-003
 378.50,8.9524E-003
 379.00,8.9368E-003
 379.50,8.9200E-003
 380.00,8.9375E-003
 380.50,8.9945E-003
 381.00,9.0111E-003
 381.50,9.0222E-003
 382.00,9.0115E-003
 382.50,8.9865E-003
 383.00,9.0113E-003
 383.50,9.0336E-003
 384.00,9.0708E-003
 384.50,9.1511E-003
 385.00,9.1802E-003
 385.50,9.1825E-003
 386.00,9.1660E-003
 386.50,9.1203E-003
 387.00,9.1296E-003
 387.50,9.1785E-003
 388.00,9.2207E-003
 388.50,9.2805E-003
 389.00,9.2786E-003
 389.50,9.2962E-003
 390.00,9.3141E-003
 390.50,9.3572E-003
 391.00,9.4251E-003
 391.50,9.4288E-003
 392.00,9.4476E-003
 392.50,9.4337E-003
 393.00,9.3850E-003
 393.50,9.3763E-003
 394.00,9.3660E-003
 394.50,9.4197E-003
 395.00,9.5016E-003
 395.50,9.5331E-003
 396.00,9.5462E-003
 396.50,9.5452E-003
 397.00,9.5770E-003
 397.50,9.6504E-003
 398.00,9.7077E-003
 398.50,9.7432E-003
 399.00,9.7612E-003
 399.50,9.7843E-003
 400.00,9.8622E-003
 400.50,9.9427E-003
 401.00,9.9758E-003
 401.50,9.9447E-003
 402.00,9.9140E-003
 402.50,9.9229E-003
 403.00,9.9729E-003
 403.50,1.0036E-002
 404.00,1.0060E-002
 404.50,1.0055E-002
 405.00,1.0037E-002
 405.50,1.0025E-002
 406.00,1.0063E-002
 406.50,1.0134E-002
 407.00,1.0185E-002
 407.50,1.0217E-002
 408.00,1.0224E-002
 408.50,1.0246E-002
 409.00,1.0304E-002
 409.50,1.0370E-002
 410.00,1.0399E-002
 410.50,1.0414E-002
 411.00,1.0425E-002
 411.50,1.0450E-002
 412.00,1.0524E-002
 412.50,1.0566E-002
 413.00,1.0586E-002
 413.50,1.0657E-002
 414.00,1.0671E-002
 414.50,1.0690E-002
 415.00,1.0683E-002
 415.50,1.0736E-002
 416.00,1.0844E-002
 416.50,1.0888E-002
 417.00,1.0928E-002
 417.50,1.0920E-002
 418.00,1.0914E-002
 418.50,1.0958E-002
 419.00,1.1007E-002
 419.50,1.1092E-002
 420.00,1.1244E-002
 420.50,1.1343E-002
 421.00,1.1382E-002
 421.50,1.1365E-002
 422.00,1.1346E-002
 422.50,1.1365E-002
 423.00,1.1501E-002
 423.50,1.1607E-002
 424.00,1.1684E-002
 424.50,1.1727E-002
 425.00,1.1731E-002
 425.50,1.1773E-002
 426.00,1.1809E-002
 426.50,1.1824E-002
 427.00,1.1896E-002
 427.50,1.1990E-002
 428.00,1.2114E-002
 428.50,1.2142E-002
 429.00,1.2105E-002
 429.50,1.2096E-002
 430.00,1.2119E-002
 430.50,1.2203E-002
 431.00,1.2280E-002
 431.50,1.2337E-002
 432.00,1.2405E-002
 432.50,1.2471E-002
 433.00,1.2509E-002
 433.50,1.2492E-002
 434.00,1.2480E-002
 434.50,1.2507E-002
 435.00,1.2565E-002
 435.50,1.2625E-002
 436.00,1.2673E-002
 436.50,1.2723E-002
 437.00,1.2841E-002
 437.50,1.2936E-002
 438.00,1.3029E-002
 438.50,1.3027E-002
 439.00,1.3056E-002
 439.50,1.3093E-002
 440.00,1.3124E-002
 440.50,1.3137E-002
 441.00,1.3116E-002
 441.50,1.3174E-002
 442.00,1.3282E-002
 442.50,1.3323E-002
 443.00,1.3348E-002
 443.50,1.3366E-002
 444.00,1.3423E-002
 444.50,1.3546E-002
 445.00,1.3629E-002
 445.50,1.3643E-002
 446.00,1.3647E-002
 446.50,1.3667E-002
 447.00,1.3721E-002
 447.50,1.3796E-002
 448.00,1.3876E-002
 448.50,1.3940E-002
 449.00,1.3973E-002
 449.50,1.4058E-002
 450.00,1.4152E-002
 450.50,1.4274E-002
 451.00,1.4373E-002
 451.50,1.4421E-002
 452.00,1.4471E-002
 452.50,1.4547E-002
 453.00,1.4552E-002
 453.50,1.4535E-002
 454.00,1.4523E-002
 454.50,1.4571E-002
 455.00,1.4675E-002
 455.50,1.4759E-002
 456.00,1.4815E-002
 456.50,1.4907E-002
 457.00,1.5011E-002
 457.50,1.5068E-002
 458.00,1.5114E-002
 458.50,1.5143E-002
 459.00,1.5240E-002
 459.50,1.5325E-002
 460.00,1.5425E-002
 460.50,1.5520E-002
 461.00,1.5549E-002
 461.50,1.5593E-002
 462.00,1.5668E-002
 462.50,1.5833E-002
 463.00,1.6001E-002
 463.50,1.6057E-002
 464.00,1.6056E-002
 464.50,1.5974E-002
 465.00,1.5974E-002
 465.50,1.6013E-002
 466.00,1.6057E-002
 466.50,1.6132E-002
 467.00,1.6222E-002
 467.50,1.6320E-002
 468.00,1.6407E-002
 468.50,1.6459E-002
 469.00,1.6423E-002
 469.50,1.6399E-002
 470.00,1.6366E-002
 470.50,1.6409E-002
 471.00,1.6503E-002
 471.50,1.6558E-002
 472.00,1.6596E-002
 472.50,1.6617E-002
 473.00,1.6691E-002
 473.50,1.6758E-002
 474.00,1.6771E-002
 474.50,1.6759E-002
 475.00,1.6762E-002
 475.50,1.6770E-002
 476.00,1.6740E-002
 476.50,1.6750E-002
 477.00,1.6733E-002
 477.50,1.6783E-002
 478.00,1.6780E-002
 478.50,1.6800E-002
 479.00,1.6826E-002
 479.50,1.6898E-002
 480.00,1.6948E-002
 480.50,1.6933E-002
 481.00,1.6905E-002
 481.50,1.6875E-002
 482.00,1.6872E-002
 482.50,1.6894E-002
 483.00,1.6881E-002
 483.50,1.6902E-002
 484.00,1.6945E-002
 484.50,1.6969E-002
 485.00,1.6982E-002
 485.50,1.6954E-002
 486.00,1.6959E-002
 486.50,1.6996E-002
 487.00,1.7046E-002
 487.50,1.7096E-002
 488.00,1.7157E-002
 488.50,1.7216E-002
 489.00,1.7290E-002
 489.50,1.7293E-002
 490.00,1.7288E-002
 490.50,1.7300E-002
 491.00,1.7357E-002
 491.50,1.7423E-002
 492.00,1.7504E-002
 492.50,1.7583E-002
 493.00,1.7685E-002
 493.50,1.7779E-002
 494.00,1.7846E-002
 494.50,1.7913E-002
 495.00,1.7994E-002
 495.50,1.8091E-002
 496.00,1.8157E-002
 496.50,1.8201E-002
 497.00,1.8226E-002
 497.50,1.8316E-002
 498.00,1.8423E-002
 498.50,1.8555E-002
 499.00,1.8669E-002
 499.50,1.8754E-002
 500.00,1.8848E-002
 500.50,1.8923E-002
 501.00,1.9003E-002
 501.50,1.9084E-002
 502.00,1.9194E-002
 502.50,1.9317E-002
 503.00,1.9469E-002
 503.50,1.9628E-002
 504.00,1.9784E-002
 504.50,1.9903E-002
 505.00,2.0004E-002
 505.50,2.0085E-002
 506.00,2.0192E-002
 506.50,2.0326E-002
 507.00,2.0465E-002
 507.50,2.0615E-002
 508.00,2.0681E-002
 508.50,2.0758E-002
 509.00,2.0859E-002
 509.50,2.0994E-002
 510.00,2.1165E-002
 510.50,2.1311E-002
 511.00,2.1464E-002
 511.50,2.1591E-002
 512.00,2.1714E-002
 512.50,2.1862E-002
 513.00,2.2019E-002
 513.50,2.2170E-002
 514.00,2.2284E-002
 514.50,2.2424E-002
 515.00,2.2574E-002
 515.50,2.2743E-002
 516.00,2.2904E-002
 516.50,2.3031E-002
 517.00,2.3180E-002
 517.50,2.3322E-002
 518.00,2.3463E-002
 518.50,2.3604E-002
 519.00,2.3718E-002
 519.50,2.3862E-002
 520.00,2.3990E-002
 520.50,2.4119E-002
 521.00,2.4234E-002
 521.50,2.4377E-002
 522.00,2.4555E-002
 522.50,2.4770E-002
 523.00,2.4978E-002
 523.50,2.5137E-002
 524.00,2.5356E-002
 524.50,2.5496E-002
 525.00,2.5655E-002
 525.50,2.5782E-002
 526.00,2.5933E-002
 526.50,2.6141E-002
 527.00,2.6367E-002
 527.50,2.6562E-002
 528.00,2.6737E-002
 528.50,2.6857E-002
 529.00,2.6946E-002
 529.50,2.7055E-002
 530.00,2.7210E-002
 530.50,2.7415E-002
 531.00,2.7649E-002
 531.50,2.7813E-002
 532.00,2.7991E-002
 532.50,2.8186E-002
 533.00,2.8388E-002
 533.50,2.8617E-002
 534.00,2.8812E-002
 534.50,2.8992E-002
 535.00,2.9150E-002
 535.50,2.9294E-002
 536.00,2.9433E-002
 536.50,2.9539E-002
 537.00,2.9655E-002
 537.50,2.9767E-002
 538.00,2.9926E-002
 538.50,3.0093E-002
 539.00,3.0268E-002
 539.50,3.0464E-002
 540.00,3.0652E-002
 540.50,3.0841E-002
 541.00,3.0948E-002
 541.50,3.1120E-002
 542.00,3.1263E-002
 542.50,3.1465E-002
 543.00,3.1674E-002
 543.50,3.1856E-002
 544.00,3.2091E-002
 544.50,3.2298E-002
 545.00,3.2467E-002
 545.50,3.2597E-002
 546.00,3.2671E-002
 546.50,3.2811E-002
 547.00,3.3000E-002
 547.50,3.3186E-002
 548.00,3.3406E-002
 548.50,3.3580E-002
 549.00,3.3755E-002
 549.50,3.3897E-002
 550.00,3.3987E-002
 550.50,3.4160E-002
 551.00,3.4405E-002
 551.50,3.4681E-002
 552.00,3.4922E-002
 552.50,3.5056E-002
 553.00,3.5180E-002
 553.50,3.5341E-002
 554.00,3.5524E-002
 554.50,3.5722E-002
 555.00,3.5819E-002
 555.50,3.5964E-002
 556.00,3.6155E-002
 556.50,3.6313E-002
 557.00,3.6478E-002
 557.50,3.6683E-002
 558.00,3.6911E-002
 558.50,3.7160E-002
 559.00,3.7305E-002
 559.50,3.7409E-002
 560.00,3.7579E-002
 560.50,3.7722E-002
 561.00,3.7940E-002
 561.50,3.8107E-002
 562.00,3.8247E-002
 562.50,3.8363E-002
 563.00,3.8463E-002
 563.50,3.8603E-002
 564.00,3.8706E-002
 564.50,3.8817E-002
 565.00,3.8990E-002
 565.50,3.9204E-002
 566.00,3.9430E-002
 566.50,3.9604E-002
 567.00,3.9710E-002
 567.50,3.9802E-002
 568.00,3.9927E-002
 568.50,4.0127E-002
 569.00,4.0319E-002
 569.50,4.0483E-002
 570.00,4.0615E-002
 570.50,4.0808E-002
 571.00,4.1034E-002
 571.50,4.1205E-002
 572.00,4.1329E-002
 572.50,4.1451E-002
 573.00,4.1626E-002
 573.50,4.1846E-002
 574.00,4.2033E-002
 574.50,4.2165E-002
 575.00,4.2313E-002
 575.50,4.2430E-002
 576.00,4.2598E-002
 576.50,4.2662E-002
 577.00,4.2760E-002
 577.50,4.2901E-002
 578.00,4.3155E-002
 578.50,4.3346E-002
 579.00,4.3474E-002
 579.50,4.3501E-002
 580.00,4.3511E-002
 580.50,4.3633E-002
 581.00,4.3788E-002
 581.50,4.3965E-002
 582.00,4.4125E-002
 582.50,4.4317E-002
 583.00,4.4508E-002
 583.50,4.4686E-002
 584.00,4.4768E-002
 584.50,4.4901E-002
 585.00,4.5049E-002
 585.50,4.5149E-002
 586.00,4.5297E-002
 586.50,4.5457E-002
 587.00,4.5670E-002
 587.50,4.5832E-002
 588.00,4.6011E-002
 588.50,4.6075E-002
 589.00,4.6192E-002
 589.50,4.6249E-002
 590.00,4.6461E-002
 590.50,4.6604E-002
 591.00,4.6777E-002
 591.50,4.6840E-002
 592.00,4.6894E-002
 592.50,4.6998E-002
 593.00,4.7155E-002
 593.50,4.7353E-002
 594.00,4.7522E-002
 594.50,4.7608E-002
 595.00,4.7736E-002
 595.50,4.7862E-002
 596.00,4.8023E-002
 596.50,4.8192E-002
 597.00,4.8348E-002
 597.50,4.8473E-002
 598.00,4.8508E-002
 598.50,4.8575E-002
 599.00,4.8650E-002
 599.50,4.8813E-002
 600.00,4.9003E-002
 600.50,4.9221E-002
 601.00,4.9385E-002
 601.50,4.9549E-002
 602.00,4.9548E-002
 602.50,4.9648E-002
 603.00,4.9746E-002
 603.50,4.9916E-002
 604.00,5.0071E-002
 604.50,5.0210E-002
 605.00,5.0339E-002
 605.50,5.0471E-002
 606.00,5.0624E-002
 606.50,5.0763E-002
 607.00,5.0846E-002
 607.50,5.0851E-002
 608.00,5.0977E-002
 608.50,5.1121E-002
 609.00,5.1314E-002
 609.50,5.1351E-002
 610.00,5.1421E-002
 610.50,5.1502E-002
 611.00,5.1640E-002
 611.50,5.1793E-002
 612.00,5.1872E-002
 612.50,5.1989E-002
 613.00,5.2069E-002
 613.50,5.2291E-002
 614.00,5.2541E-002
 614.50,5.2722E-002
 615.00,5.2860E-002
 615.50,5.2919E-002
 616.00,5.3010E-002
 616.50,5.3020E-002
 617.00,5.2972E-002
 617.50,5.2946E-002
 618.00,5.3115E-002
 618.50,5.3329E-002
 619.00,5.3481E-002
 619.50,5.3524E-002
 620.00,5.3506E-002
 620.50,5.3616E-002
 621.00,5.3709E-002
 621.50,5.3898E-002
 622.00,5.4117E-002
 622.50,5.4281E-002
 623.00,5.4389E-002
 623.50,5.4449E-002
 624.00,5.4533E-002
 624.50,5.4570E-002
 625.00,5.4644E-002
 625.50,5.4845E-002
 626.00,5.5118E-002
 626.50,5.5276E-002
 627.00,5.5250E-002
 627.50,5.5192E-002
 628.00,5.5183E-002
 628.50,5.5243E-002
 629.00,5.5410E-002
 629.50,5.5570E-002
 630.00,5.5734E-002
 630.50,5.5828E-002
 631.00,5.5919E-002
 631.50,5.6085E-002
 632.00,5.6178E-002
 632.50,5.6312E-002
 633.00,5.6396E-002
 633.50,5.6460E-002
 634.00,5.6521E-002
 634.50,5.6540E-002
 635.00,5.6642E-002
 635.50,5.6711E-002
 636.00,5.6794E-002
 636.50,5.6895E-002
 637.00,5.6935E-002
 637.50,5.6997E-002
 638.00,5.7184E-002
 638.50,5.7378E-002
 639.00,5.7592E-002
 639.50,5.7654E-002
 640.00,5.7699E-002
 640.50,5.7672E-002
 641.00,5.7730E-002
 641.50,5.7921E-002
 642.00,5.8182E-002
 642.50,5.8326E-002
 643.00,5.8315E-002
 643.50,5.8412E-002
 644.00,5.8644E-002
 644.50,5.8975E-002
 645.00,5.9075E-002
 645.50,5.9043E-002
 646.00,5.8954E-002
 646.50,5.8910E-002
 647.00,5.8987E-002
 647.50,5.9059E-002
 648.00,5.9228E-002
 648.50,5.9318E-002
 649.00,5.9383E-002
 649.50,5.9502E-002
 650.00,5.9578E-002
 650.50,5.9712E-002
 651.00,5.9736E-002
 651.50,5.9731E-002
 652.00,5.9755E-002
 652.50,5.9852E-002
 653.00,5.9968E-002
 653.50,6.0001E-002
 654.00,6.0234E-002
 654.50,6.0359E-002
 655.00,6.0521E-002
 655.50,6.0515E-002
 656.00,6.0643E-002
 656.50,6.0823E-002
 657.00,6.0886E-002
 657.50,6.0908E-002
 658.00,6.0917E-002
 658.50,6.1003E-002
 659.00,6.1228E-002
 659.50,6.1458E-002
 660.00,6.1614E-002
 660.50,6.1682E-002
 661.00,6.1574E-002
 661.50,6.1584E-002
 662.00,6.1594E-002
 662.50,6.1790E-002
 663.00,6.1923E-002
 663.50,6.1947E-002
 664.00,6.1930E-002
 664.50,6.1923E-002
 665.00,6.2065E-002
 665.50,6.2103E-002
 666.00,6.2035E-002
 666.50,6.1931E-002
 667.00,6.1968E-002
 667.50,6.2211E-002
 668.00,6.2407E-002
 668.50,6.2591E-002
 669.00,6.2607E-002
 669.50,6.2597E-002
 670.00,6.2634E-002
 670.50,6.2782E-002
 671.00,6.3024E-002
 671.50,6.3119E-002
 672.00,6.3160E-002
 672.50,6.3094E-002
 673.00,6.3132E-002
 673.50,6.3207E-002
 674.00,6.3330E-002
 674.50,6.3492E-002
 675.00,6.3653E-002
 675.50,6.3886E-002
 676.00,6.3976E-002
 676.50,6.4047E-002
 677.00,6.4172E-002
 677.50,6.4313E-002
 678.00,6.4361E-002
 678.50,6.4388E-002
 679.00,6.4440E-002
 679.50,6.4537E-002
 680.00,6.4565E-002
 680.50,6.4687E-002
 681.00,6.4715E-002
 681.50,6.4613E-002
 682.00,6.4731E-002
 682.50,6.4914E-002
 683.00,6.5161E-002
 683.50,6.5220E-002
 684.00,6.5260E-002
 684.50,6.5338E-002
 685.00,6.5469E-002
 685.50,6.5710E-002
 686.00,6.5884E-002
 686.50,6.5869E-002
 687.00,6.5954E-002
 687.50,6.6095E-002
 688.00,6.6291E-002
 688.50,6.6341E-002
 689.00,6.6389E-002
 689.50,6.6484E-002
 690.00,6.6633E-002
 690.50,6.6826E-002
 691.00,6.6968E-002
 691.50,6.7125E-002
 692.00,6.7149E-002
 692.50,6.7173E-002
 693.00,6.7200E-002
 693.50,6.7436E-002
 694.00,6.7521E-002
 694.50,6.7614E-002
 695.00,6.7621E-002
 695.50,6.7742E-002
 696.00,6.7761E-002
 696.50,6.7861E-002
 697.00,6.8040E-002
 697.50,6.8231E-002
 698.00,6.8346E-002
 698.50,6.8496E-002
 699.00,6.8754E-002
 699.50,6.9010E-002
 700.00,6.9156E-002
 700.50,6.9107E-002
 701.00,6.9045E-002
 701.50,6.9169E-002
 702.00,6.9295E-002
 702.50,6.9574E-002
 703.00,6.9649E-002
 703.50,6.9766E-002
 704.00,6.9705E-002
 704.50,6.9819E-002
 705.00,6.9980E-002
 705.50,7.0010E-002
 706.00,7.0050E-002
 706.50,7.0290E-002
 707.00,7.0561E-002
 707.50,7.0559E-002
 708.00,7.0407E-002
 708.50,7.0362E-002
 709.00,7.0468E-002
 709.50,7.0580E-002
 710.00,7.0716E-002
 710.50,7.0656E-002
 711.00,7.0531E-002
 711.50,7.0522E-002
 712.00,7.0739E-002
 712.50,7.1177E-002
 713.00,7.1525E-002
 713.50,7.1891E-002
 714.00,7.2100E-002
 714.50,7.2331E-002
 715.00,7.2370E-002
 715.50,7.2333E-002
 716.00,7.2338E-002
 716.50,7.2455E-002
 717.00,7.2401E-002
 717.50,7.2569E-002
 718.00,7.2698E-002
 718.50,7.2879E-002
 719.00,7.2940E-002
 719.50,7.3273E-002
 720.00,7.3603E-002
 720.50,7.3771E-002
 721.00,7.3795E-002
 721.50,7.3735E-002
 722.00,7.3613E-002
 722.50,7.3646E-002
 723.00,7.3811E-002
 723.50,7.4071E-002
 724.00,7.4267E-002
 724.50,7.4502E-002
 725.00,7.4776E-002
 725.50,7.4861E-002
 726.00,7.4750E-002
 726.50,7.4748E-002
 727.00,7.4936E-002
 727.50,7.5127E-002
 728.00,7.5146E-002
 728.50,7.5360E-002
 729.00,7.5624E-002
 729.50,7.5705E-002
 730.00,7.5621E-002
 730.50,7.5626E-002
 731.00,7.5840E-002
 731.50,7.6097E-002
 732.00,7.6362E-002
 732.50,7.6525E-002
 733.00,7.6508E-002
 733.50,7.6582E-002
 734.00,7.6977E-002
 734.50,7.7188E-002
 735.00,7.7365E-002
 735.50,7.7523E-002
 736.00,7.7683E-002
 736.50,7.7622E-002
 737.00,7.7438E-002
 737.50,7.7465E-002
 738.00,7.7564E-002
 738.50,7.7723E-002
 739.00,7.8013E-002
 739.50,7.8239E-002
 740.00,7.8516E-002
 740.50,7.8592E-002
 741.00,7.8696E-002
 741.50,7.8820E-002
 742.00,7.8968E-002
 742.50,7.9163E-002
 743.00,7.9376E-002
 743.50,7.9434E-002
 744.00,7.9505E-002
 744.50,7.9752E-002
 745.00,8.0136E-002
 745.50,8.0169E-002
 746.00,7.9942E-002
 746.50,7.9721E-002
 747.00,7.9655E-002
 747.50,7.9900E-002
 748.00,8.0210E-002
 748.50,8.0313E-002
 749.00,8.0351E-002
 749.50,8.0539E-002
 750.00,8.1012E-002
 750.50,8.1877E-002
 751.00,8.2313E-002
 751.50,8.2247E-002
 752.00,8.1594E-002
 752.50,8.1715E-002
 753.00,8.1809E-002
 753.50,8.1569E-002
 754.00,8.1450E-002
 754.50,8.1593E-002
 755.00,8.1747E-002
 755.50,8.1857E-002
 756.00,8.2122E-002
 756.50,8.2274E-002
 757.00,8.2070E-002
 757.50,8.2004E-002
 758.00,8.2281E-002
 758.50,8.2659E-002
 759.00,8.2823E-002
 759.50,8.2946E-002
 760.00,8.3198E-002
 760.50,8.3255E-002
 761.00,8.3197E-002
 761.50,8.3337E-002
 762.00,8.3696E-002
 762.50,8.3814E-002
 763.00,8.3748E-002
 763.50,8.3904E-002
 764.00,8.4302E-002
 764.50,8.4558E-002
 765.00,8.4890E-002
 765.50,8.5183E-002
 766.00,8.5280E-002
 766.50,8.5017E-002
 767.00,8.4669E-002
 767.50,8.4640E-002
 768.00,8.4965E-002
 768.50,8.5330E-002
 769.00,8.5635E-002
 769.50,8.5649E-002
 770.00,8.5733E-002
 770.50,8.5808E-002
 771.00,8.6053E-002
 771.50,8.6282E-002
 772.00,8.6620E-002
 772.50,8.6896E-002
 773.00,8.6696E-002
 773.50,8.6568E-002
 774.00,8.6808E-002
 774.50,8.7338E-002
 775.00,8.7574E-002
 775.50,8.7709E-002
 776.00,8.7751E-002
 776.50,8.7681E-002
 777.00,8.7369E-002
 777.50,8.7489E-002
 778.00,8.7953E-002
 778.50,8.8272E-002
 779.00,8.8147E-002
 779.50,8.8316E-002
 780.00,8.9061E-002
 780.50,8.9518E-002
 781.00,8.9312E-002
 781.50,8.9051E-002
 782.00,8.9400E-002
 782.50,8.9787E-002
 783.00,9.0094E-002
 783.50,9.0088E-002
 784.00,9.0232E-002
 784.50,9.0701E-002
 785.00,9.1054E-002
 785.50,9.0981E-002
 786.00,9.0529E-002
 786.50,9.0475E-002
 787.00,9.0511E-002
 787.50,9.0901E-002
 788.00,9.1402E-002
 788.50,9.1952E-002
 789.00,9.2273E-002
 789.50,9.2178E-002
 790.00,9.2153E-002
 790.50,9.2026E-002
 791.00,9.1934E-002
 791.50,9.2134E-002
 792.00,9.2605E-002
 792.50,9.3003E-002
 793.00,9.3151E-002
 793.50,9.3300E-002
 794.00,9.3481E-002
 794.50,9.3753E-002
 795.00,9.4063E-002
 795.50,9.3909E-002
 796.00,9.3758E-002
 796.50,9.3941E-002
 797.00,9.4573E-002
 797.50,9.5045E-002
 798.00,9.5059E-002
 798.50,9.5244E-002
 799.00,9.5522E-002
 799.50,9.5965E-002
 800.00,9.6307E-002
 800.50,9.6393E-002
 801.00,9.6586E-002
 801.50,9.6586E-002
 802.00,9.6538E-002
 802.50,9.6867E-002
 803.00,9.7214E-002
 803.50,9.7249E-002
 804.00,9.7091E-002
 804.50,9.7345E-002
 805.00,9.7564E-002
 805.50,9.7537E-002
 806.00,9.7564E-002
 806.50,9.7372E-002
 807.00,9.7609E-002
 807.50,9.8083E-002
 808.00,9.8643E-002
 808.50,9.8905E-002
 809.00,9.9334E-002
 809.50,9.9741E-002
 810.00,1.0006E-001
 810.50,1.0006E-001
 811.00,1.0014E-001
 811.50,1.0022E-001
 812.00,1.0007E-001
 812.50,9.9633E-002
 813.00,9.9578E-002
 813.50,1.0034E-001
 814.00,1.0120E-001
 814.50,1.0133E-001
 815.00,1.0122E-001
 815.50,1.0127E-001
 816.00,1.0168E-001
 816.50,1.0265E-001
 817.00,1.0300E-001
 817.50,1.0218E-001
 818.00,1.0176E-001
 818.50,1.0218E-001
 819.00,1.0315E-001
 819.50,1.0325E-001
 820.00,1.0346E-001
 820.50,1.0348E-001
 821.00,1.0367E-001
 821.50,1.0372E-001
 822.00,1.0393E-001
 822.50,1.0417E-001
 823.00,1.0483E-001
 823.50,1.0486E-001
 824.00,1.0474E-001
 824.50,1.0448E-001
 825.00,1.0449E-001
 825.50,1.0448E-001
 826.00,1.0503E-001
 826.50,1.0588E-001
 827.00,1.0616E-001
 827.50,1.0610E-001
 828.00,1.0605E-001
 828.50,1.0609E-001
 829.00,1.0630E-001
 829.50,1.0650E-001
 830.00,1.0687E-001
 830.50,1.0683E-001
 831.00,1.0645E-001
 831.50,1.0658E-001
 832.00,1.0735E-001
 832.50,1.0804E-001
 833.00,1.0817E-001
 833.50,1.0806E-001
 834.00,1.0802E-001
 834.50,1.0865E-001
 835.00,1.0911E-001
 835.50,1.0904E-001
 836.00,1.0898E-001
 836.50,1.0918E-001
 837.00,1.0950E-001
 837.50,1.0977E-001
 838.00,1.1042E-001
 838.50,1.1058E-001
 839.00,1.1063E-001
 839.50,1.1135E-001
 840.00,1.1207E-001
 840.50,1.1206E-001
 841.00,1.1205E-001
 841.50,1.1239E-001
 842.00,1.1265E-001
 842.50,1.1238E-001
 843.00,1.1217E-001
 843.50,1.1256E-001
 844.00,1.1337E-001
 844.50,1.1395E-001
 845.00,1.1474E-001
 845.50,1.1510E-001
 846.00,1.1502E-001
 846.50,1.1560E-001
 847.00,1.1603E-001
 847.50,1.1610E-001
 848.00,1.1614E-001
 848.50,1.1697E-001
 849.00,1.1744E-001
 849.50,1.1762E-001
 850.00,1.1735E-001
 850.50,1.1815E-001
 851.00,1.1910E-001
 851.50,1.1905E-001
 852.00,1.1858E-001
 852.50,1.1815E-001
 853.00,1.1913E-001
 853.50,1.2015E-001
 854.00,1.2063E-001
 854.50,1.2041E-001
 855.00,1.2120E-001
 855.50,1.2190E-001
 856.00,1.2241E-001
 856.50,1.2286E-001
 857.00,1.2345E-001
 857.50,1.2392E-001
 858.00,1.2463E-001
 858.50,1.2494E-001
 859.00,1.2474E-001
 859.50,1.2536E-001
 860.00,1.2663E-001
 860.50,1.2757E-001
 861.00,1.2755E-001
 861.50,1.2738E-001
 862.00,1.2744E-001
 862.50,1.2763E-001
 863.00,1.2839E-001
 863.50,1.2980E-001
 864.00,1.3029E-001
 864.50,1.3049E-001
 865.00,1.3078E-001
 865.50,1.3152E-001
 866.00,1.3253E-001
 866.50,1.3258E-001
 867.00,1.3230E-001
 867.50,1.3284E-001
 868.00,1.3435E-001
 868.50,1.3571E-001
 869.00,1.3563E-001
 869.50,1.3563E-001
 870.00,1.3671E-001
 870.50,1.3825E-001
 871.00,1.3883E-001
 871.50,1.3910E-001
 872.00,1.3947E-001
 872.50,1.3968E-001
 873.00,1.3988E-001
 873.50,1.4068E-001
 874.00,1.4184E-001
 874.50,1.4238E-001
 875.00,1.4361E-001
 875.50,1.4497E-001
 876.00,1.4493E-001
 876.50,1.4514E-001
 877.00,1.4692E-001
 877.50,1.4800E-001
 878.00,1.4835E-001
 878.50,1.4902E-001
 879.00,1.4958E-001
 879.50,1.4951E-001
 880.00,1.4870E-001
 880.50,1.4897E-001
 881.00,1.5079E-001
 881.50,1.5146E-001
 882.00,1.5090E-001
 882.50,1.5140E-001
 883.00,1.5285E-001
 883.50,1.5301E-001
 884.00,1.5341E-001
 884.50,1.5454E-001
 885.00,1.5570E-001
 885.50,1.5560E-001
 886.00,1.5663E-001
 886.50,1.5719E-001
 887.00,1.5827E-001
 887.50,1.5870E-001
 888.00,1.5883E-001
 888.50,1.5966E-001
 889.00,1.6051E-001
 889.50,1.6103E-001
 890.00,1.6052E-001
 890.50,1.6021E-001
 891.00,1.6033E-001
 891.50,1.6097E-001
 892.00,1.6255E-001
 892.50,1.6287E-001
 893.00,1.6245E-001
 893.50,1.6307E-001
 894.00,1.6482E-001
 894.50,1.6519E-001
 895.00,1.6443E-001
 895.50,1.6426E-001
 896.00,1.6577E-001
 896.50,1.6726E-001
 897.00,1.6757E-001
 897.50,1.6811E-001
 898.00,1.6878E-001
 898.50,1.6889E-001
 899.00,1.6941E-001
 899.50,3.3594E-003

