wavelength,relativeIntensity
 273.00,0.0000E+000
 273.50,0.0000E+000
 274.00,0.0000E+000
 274.50,0.0000E+000
 275.00,0.0000E+000
 275.50,0.0000E+000
 276.00,0.0000E+000
 276.50,0.0000E+000
 277.00,0.0000E+000
 277.50,0.0000E+000
 278.00,0.0000E+000
 278.50,0.0000E+000
 279.00,0.0000E+000
 279.50,0.0000E+000
 280.00,0.0000E+000
 280.50,0.0000E+000
 281.00,0.0000E+000
 281.50,0.0000E+000
 282.00,0.0000E+000
 282.50,0.0000E+000
 283.00,0.0000E+000
 283.50,0.0000E+000
 284.00,0.0000E+000
 284.50,0.0000E+000
 285.00,0.0000E+000
 285.50,0.0000E+000
 286.00,0.0000E+000
 286.50,0.0000E+000
 287.00,0.0000E+000
 287.50,0.0000E+000
 288.00,0.0000E+000
 288.50,0.0000E+000
 289.00,0.0000E+000
 289.50,0.0000E+000
 290.00,0.0000E+000
 290.50,0.0000E+000
 291.00,0.0000E+000
 291.50,0.0000E+000
 292.00,0.0000E+000
 292.50,0.0000E+000
 293.00,0.0000E+000
 293.50,0.0000E+000
 294.00,0.0000E+000
 294.50,0.0000E+000
 295.00,0.0000E+000
 295.50,0.0000E+000
 296.00,0.0000E+000
 296.50,0.0000E+000
 297.00,0.0000E+000
 297.50,0.0000E+000
 298.00,0.0000E+000
 298.50,0.0000E+000
 299.00,0.0000E+000
 299.50,0.0000E+000
 300.00,1.1083E-005
 300.50,9.9680E-006
 301.00,0.0000E+000
 301.50,0.0000E+000
 302.00,0.0000E+000
 302.50,0.0000E+000
 303.00,0.0000E+000
 303.50,0.0000E+000
 304.00,1.0150E-005
 304.50,0.0000E+000
 305.00,0.0000E+000
 305.50,0.0000E+000
 306.00,0.0000E+000
 306.50,0.0000E+000
 307.00,0.0000E+000
 307.50,0.0000E+000
 308.00,7.4291E-006
 308.50,3.3325E-005
 309.00,3.4683E-005
 309.50,3.2919E-005
 310.00,4.7716E-006
 310.50,0.0000E+000
 311.00,0.0000E+000
 311.50,0.0000E+000
 312.00,0.0000E+000
 312.50,0.0000E+000
 313.00,0.0000E+000
 313.50,0.0000E+000
 314.00,3.9184E-005
 314.50,8.4162E-005
 315.00,6.6243E-005
 315.50,5.5606E-006
 316.00,0.0000E+000
 316.50,0.0000E+000
 317.00,0.0000E+000
 317.50,0.0000E+000
 318.00,0.0000E+000
 318.50,0.0000E+000
 319.00,0.0000E+000
 319.50,0.0000E+000
 320.00,1.6980E-006
 320.50,0.0000E+000
 321.00,0.0000E+000
 321.50,0.0000E+000
 322.00,0.0000E+000
 322.50,0.0000E+000
 323.00,0.0000E+000
 323.50,0.0000E+000
 324.00,5.0806E-005
 324.50,1.3945E-004
 325.00,1.4433E-004
 325.50,1.1756E-004
 326.00,2.6733E-005
 326.50,0.0000E+000
 327.00,0.0000E+000
 327.50,0.0000E+000
 328.00,2.0697E-005
 328.50,5.4756E-005
 329.00,5.1772E-005
 329.50,6.6804E-005
 330.00,4.1189E-005
 330.50,3.4851E-005
 331.00,8.2570E-005
 331.50,7.5064E-005
 332.00,6.5355E-005
 332.50,2.1631E-005
 333.00,0.0000E+000
 333.50,9.6693E-007
 334.00,2.7180E-005
 334.50,8.8414E-005
 335.00,1.1183E-004
 335.50,1.1776E-004
 336.00,8.7632E-005
 336.50,3.1385E-005
 337.00,7.8551E-006
 337.50,0.0000E+000
 338.00,5.3425E-005
 338.50,1.2922E-004
 339.00,2.4861E-004
 339.50,3.0898E-004
 340.00,3.2150E-004
 340.50,2.7775E-004
 341.00,1.6267E-004
 341.50,3.9202E-005
 342.00,4.9987E-007
 342.50,0.0000E+000
 343.00,3.3392E-005
 343.50,7.6575E-005
 344.00,8.1948E-005
 344.50,8.4743E-005
 345.00,7.1721E-005
 345.50,2.9950E-005
 346.00,2.5347E-005
 346.50,6.2192E-006
 347.00,2.1642E-005
 347.50,2.1216E-005
 348.00,3.0551E-006
 348.50,1.1808E-006
 349.00,0.0000E+000
 349.50,7.0928E-006
 350.00,1.2096E-005
 350.50,0.0000E+000
 351.00,0.0000E+000
 351.50,0.0000E+000
 352.00,0.0000E+000
 352.50,1.3257E-006
 353.00,9.4831E-005
 353.50,1.7960E-004
 354.00,2.5065E-004
 354.50,2.8893E-004
 355.00,2.7847E-004
 355.50,2.4536E-004
 356.00,2.1443E-004
 356.50,1.6574E-004
 357.00,1.5139E-004
 357.50,1.5454E-004
 358.00,1.3821E-004
 358.50,1.9115E-004
 359.00,1.9155E-004
 359.50,2.2009E-004
 360.00,2.7520E-004
 360.50,2.5375E-004
 361.00,2.6395E-004
 361.50,2.0881E-004
 362.00,1.5503E-004
 362.50,1.5315E-004
 363.00,2.0961E-004
 363.50,3.3697E-004
 364.00,4.6584E-004
 364.50,5.2886E-004
 365.00,5.6687E-004
 365.50,5.7378E-004
 366.00,5.3606E-004
 366.50,5.2135E-004
 367.00,5.0385E-004
 367.50,5.3313E-004
 368.00,6.3530E-004
 368.50,7.3096E-004
 369.00,7.8974E-004
 369.50,7.9110E-004
 370.00,7.5432E-004
 370.50,7.8447E-004
 371.00,8.1086E-004
 371.50,8.6142E-004
 372.00,8.9117E-004
 372.50,8.4965E-004
 373.00,8.3414E-004
 373.50,8.2234E-004
 374.00,8.3254E-004
 374.50,8.8593E-004
 375.00,9.4322E-004
 375.50,9.6667E-004
 376.00,9.6239E-004
 376.50,9.5367E-004
 377.00,9.5718E-004
 377.50,9.4897E-004
 378.00,9.4932E-004
 378.50,9.1913E-004
 379.00,9.3109E-004
 379.50,9.8239E-004
 380.00,1.0281E-003
 380.50,1.0600E-003
 381.00,1.0641E-003
 381.50,1.0804E-003
 382.00,1.1050E-003
 382.50,1.1898E-003
 383.00,1.2494E-003
 383.50,1.2775E-003
 384.00,1.2661E-003
 384.50,1.2453E-003
 385.00,1.2766E-003
 385.50,1.3159E-003
 386.00,1.4039E-003
 386.50,1.4425E-003
 387.00,1.4396E-003
 387.50,1.4874E-003
 388.00,1.4844E-003
 388.50,1.5157E-003
 389.00,1.5167E-003
 389.50,1.4706E-003
 390.00,1.5167E-003
 390.50,1.5970E-003
 391.00,1.7093E-003
 391.50,1.7505E-003
 392.00,1.7499E-003
 392.50,1.6859E-003
 393.00,1.6780E-003
 393.50,1.7088E-003
 394.00,1.7117E-003
 394.50,1.7324E-003
 395.00,1.7393E-003
 395.50,1.7405E-003
 396.00,1.7885E-003
 396.50,1.8193E-003
 397.00,1.8287E-003
 397.50,1.8349E-003
 398.00,1.8209E-003
 398.50,1.8673E-003
 399.00,1.9596E-003
 399.50,2.0461E-003
 400.00,2.0798E-003
 400.50,2.0489E-003
 401.00,2.0590E-003
 401.50,2.0862E-003
 402.00,2.1164E-003
 402.50,2.1574E-003
 403.00,2.1320E-003
 403.50,2.2008E-003
 404.00,2.2402E-003
 404.50,2.2580E-003
 405.00,2.2546E-003
 405.50,2.2674E-003
 406.00,2.3252E-003
 406.50,2.3754E-003
 407.00,2.3711E-003
 407.50,2.3637E-003
 408.00,2.3795E-003
 408.50,2.4614E-003
 409.00,2.5372E-003
 409.50,2.5916E-003
 410.00,2.6479E-003
 410.50,2.7171E-003
 411.00,2.7806E-003
 411.50,2.8178E-003
 412.00,2.8376E-003
 412.50,2.8290E-003
 413.00,2.8744E-003
 413.50,2.8823E-003
 414.00,2.9138E-003
 414.50,2.9104E-003
 415.00,2.9223E-003
 415.50,2.9033E-003
 416.00,2.9208E-003
 416.50,2.9472E-003
 417.00,2.9876E-003
 417.50,3.0290E-003
 418.00,3.0128E-003
 418.50,3.0957E-003
 419.00,3.1220E-003
 419.50,3.1432E-003
 420.00,3.1126E-003
 420.50,3.0624E-003
 421.00,3.0869E-003
 421.50,3.1584E-003
 422.00,3.2507E-003
 422.50,3.3195E-003
 423.00,3.3877E-003
 423.50,3.4194E-003
 424.00,3.4428E-003
 424.50,3.4854E-003
 425.00,3.5030E-003
 425.50,3.5157E-003
 426.00,3.5225E-003
 426.50,3.4930E-003
 427.00,3.4837E-003
 427.50,3.4855E-003
 428.00,3.5127E-003
 428.50,3.5302E-003
 429.00,3.5287E-003
 429.50,3.5307E-003
 430.00,3.5374E-003
 430.50,3.5446E-003
 431.00,3.5585E-003
 431.50,3.5984E-003
 432.00,3.6943E-003
 432.50,3.7938E-003
 433.00,3.8426E-003
 433.50,3.8387E-003
 434.00,3.8571E-003
 434.50,3.9175E-003
 435.00,3.9808E-003
 435.50,4.0383E-003
 436.00,4.0499E-003
 436.50,4.0998E-003
 437.00,4.1546E-003
 437.50,4.2307E-003
 438.00,4.3341E-003
 438.50,4.3646E-003
 439.00,4.4255E-003
 439.50,4.5183E-003
 440.00,4.5958E-003
 440.50,4.6650E-003
 441.00,4.6524E-003
 441.50,4.6164E-003
 442.00,4.6758E-003
 442.50,4.7201E-003
 443.00,4.7941E-003
 443.50,4.8493E-003
 444.00,4.8868E-003
 444.50,4.9387E-003
 445.00,4.9595E-003
 445.50,4.9972E-003
 446.00,5.0047E-003
 446.50,5.0321E-003
 447.00,5.0339E-003
 447.50,5.0550E-003
 448.00,5.0743E-003
 448.50,5.1261E-003
 449.00,5.1865E-003
 449.50,5.2552E-003
 450.00,5.2896E-003
 450.50,5.2797E-003
 451.00,5.2806E-003
 451.50,5.3091E-003
 452.00,5.3720E-003
 452.50,5.4292E-003
 453.00,5.4326E-003
 453.50,5.4556E-003
 454.00,5.4831E-003
 454.50,5.5037E-003
 455.00,5.5798E-003
 455.50,5.5530E-003
 456.00,5.5132E-003
 456.50,5.5223E-003
 457.00,5.5876E-003
 457.50,5.7155E-003
 458.00,5.7604E-003
 458.50,5.7895E-003
 459.00,5.7867E-003
 459.50,5.8110E-003
 460.00,5.8568E-003
 460.50,5.8245E-003
 461.00,5.8209E-003
 461.50,5.8783E-003
 462.00,5.9657E-003
 462.50,6.0526E-003
 463.00,6.1246E-003
 463.50,6.2232E-003
 464.00,6.3614E-003
 464.50,6.4916E-003
 465.00,6.5572E-003
 465.50,6.5664E-003
 466.00,6.5557E-003
 466.50,6.4745E-003
 467.00,6.4339E-003
 467.50,6.4450E-003
 468.00,6.4704E-003
 468.50,6.5471E-003
 469.00,6.5529E-003
 469.50,6.5636E-003
 470.00,6.5763E-003
 470.50,6.5787E-003
 471.00,6.6323E-003
 471.50,6.6603E-003
 472.00,6.6719E-003
 472.50,6.7130E-003
 473.00,6.7549E-003
 473.50,6.8417E-003
 474.00,6.9479E-003
 474.50,7.0457E-003
 475.00,7.1095E-003
 475.50,7.1554E-003
 476.00,7.1814E-003
 476.50,7.2845E-003
 477.00,7.3642E-003
 477.50,7.4439E-003
 478.00,7.4272E-003
 478.50,7.4376E-003
 479.00,7.4579E-003
 479.50,7.5162E-003
 480.00,7.5910E-003
 480.50,7.6593E-003
 481.00,7.7703E-003
 481.50,7.8332E-003
 482.00,7.9351E-003
 482.50,7.9892E-003
 483.00,8.0494E-003
 483.50,8.1646E-003
 484.00,8.2564E-003
 484.50,8.3640E-003
 485.00,8.4391E-003
 485.50,8.4571E-003
 486.00,8.5127E-003
 486.50,8.5785E-003
 487.00,8.6174E-003
 487.50,8.6876E-003
 488.00,8.7397E-003
 488.50,8.8146E-003
 489.00,8.8973E-003
 489.50,8.9569E-003
 490.00,9.0088E-003
 490.50,9.0346E-003
 491.00,9.0890E-003
 491.50,9.1141E-003
 492.00,9.1709E-003
 492.50,9.2144E-003
 493.00,9.2871E-003
 493.50,9.3406E-003
 494.00,9.4047E-003
 494.50,9.4836E-003
 495.00,9.5367E-003
 495.50,9.5988E-003
 496.00,9.6357E-003
 496.50,9.6874E-003
 497.00,9.7191E-003
 497.50,9.7420E-003
 498.00,9.7795E-003
 498.50,9.8098E-003
 499.00,9.8480E-003
 499.50,9.8499E-003
 500.00,9.8723E-003
 500.50,9.9143E-003
 501.00,9.9417E-003
 501.50,9.9666E-003
 502.00,1.0018E-002
 502.50,1.0047E-002
 503.00,1.0093E-002
 503.50,1.0130E-002
 504.00,1.0217E-002
 504.50,1.0290E-002
 505.00,1.0319E-002
 505.50,1.0308E-002
 506.00,1.0312E-002
 506.50,1.0317E-002
 507.00,1.0339E-002
 507.50,1.0363E-002
 508.00,1.0348E-002
 508.50,1.0297E-002
 509.00,1.0238E-002
 509.50,1.0156E-002
 510.00,1.0136E-002
 510.50,1.0108E-002
 511.00,1.0114E-002
 511.50,1.0134E-002
 512.00,1.0135E-002
 512.50,1.0158E-002
 513.00,1.0156E-002
 513.50,1.0201E-002
 514.00,1.0264E-002
 514.50,1.0368E-002
 515.00,1.0508E-002
 515.50,1.0641E-002
 516.00,1.0774E-002
 516.50,1.0896E-002
 517.00,1.1050E-002
 517.50,1.1220E-002
 518.00,1.1379E-002
 518.50,1.1561E-002
 519.00,1.1702E-002
 519.50,1.1743E-002
 520.00,1.1717E-002
 520.50,1.1634E-002
 521.00,1.1600E-002
 521.50,1.1573E-002
 522.00,1.1529E-002
 522.50,1.1417E-002
 523.00,1.1278E-002
 523.50,1.1100E-002
 524.00,1.0947E-002
 524.50,1.0842E-002
 525.00,1.0799E-002
 525.50,1.0771E-002
 526.00,1.0788E-002
 526.50,1.0809E-002
 527.00,1.0844E-002
 527.50,1.0805E-002
 528.00,1.0748E-002
 528.50,1.0719E-002
 529.00,1.0766E-002
 529.50,1.0895E-002
 530.00,1.1026E-002
 530.50,1.1162E-002
 531.00,1.1300E-002
 531.50,1.1468E-002
 532.00,1.1674E-002
 532.50,1.1919E-002
 533.00,1.2146E-002
 533.50,1.2409E-002
 534.00,1.2699E-002
 534.50,1.3081E-002
 535.00,1.3474E-002
 535.50,1.3834E-002
 536.00,1.4160E-002
 536.50,1.4510E-002
 537.00,1.4853E-002
 537.50,1.5188E-002
 538.00,1.5471E-002
 538.50,1.5729E-002
 539.00,1.6012E-002
 539.50,1.6296E-002
 540.00,1.6603E-002
 540.50,1.6865E-002
 541.00,1.7088E-002
 541.50,1.7247E-002
 542.00,1.7438E-002
 542.50,1.7606E-002
 543.00,1.7769E-002
 543.50,1.7895E-002
 544.00,1.8060E-002
 544.50,1.8249E-002
 545.00,1.8485E-002
 545.50,1.8696E-002
 546.00,1.8838E-002
 546.50,1.8951E-002
 547.00,1.9018E-002
 547.50,1.9178E-002
 548.00,1.9334E-002
 548.50,1.9491E-002
 549.00,1.9620E-002
 549.50,1.9745E-002
 550.00,1.9850E-002
 550.50,1.9917E-002
 551.00,1.9982E-002
 551.50,2.0101E-002
 552.00,2.0242E-002
 552.50,2.0377E-002
 553.00,2.0460E-002
 553.50,2.0538E-002
 554.00,2.0611E-002
 554.50,2.0737E-002
 555.00,2.0804E-002
 555.50,2.0916E-002
 556.00,2.1022E-002
 556.50,2.1093E-002
 557.00,2.1169E-002
 557.50,2.1230E-002
 558.00,2.1351E-002
 558.50,2.1502E-002
 559.00,2.1593E-002
 559.50,2.1614E-002
 560.00,2.1643E-002
 560.50,2.1644E-002
 561.00,2.1708E-002
 561.50,2.1765E-002
 562.00,2.1823E-002
 562.50,2.1830E-002
 563.00,2.1770E-002
 563.50,2.1693E-002
 564.00,2.1614E-002
 564.50,2.1496E-002
 565.00,2.1317E-002
 565.50,2.0989E-002
 566.00,2.0632E-002
 566.50,2.0204E-002
 567.00,1.9661E-002
 567.50,1.8926E-002
 568.00,1.7927E-002
 568.50,1.6726E-002
 569.00,1.5376E-002
 569.50,1.3957E-002
 570.00,1.2555E-002
 570.50,1.1249E-002
 571.00,1.0144E-002
 571.50,9.2198E-003
 572.00,8.5613E-003
 572.50,8.0998E-003
 573.00,7.8368E-003
 573.50,7.7244E-003
 574.00,7.7677E-003
 574.50,7.8817E-003
 575.00,8.0494E-003
 575.50,8.1604E-003
 576.00,8.3008E-003
 576.50,8.4517E-003
 577.00,8.6274E-003
 577.50,8.7766E-003
 578.00,8.9278E-003
 578.50,9.0434E-003
 579.00,9.1474E-003
 579.50,9.2668E-003
 580.00,9.2918E-003
 580.50,9.2195E-003
 581.00,8.9662E-003
 581.50,8.5961E-003
 582.00,8.1386E-003
 582.50,7.5986E-003
 583.00,7.0883E-003
 583.50,6.6272E-003
 584.00,6.2651E-003
 584.50,5.9928E-003
 585.00,5.8749E-003
 585.50,5.8910E-003
 586.00,6.0091E-003
 586.50,6.2005E-003
 587.00,6.4958E-003
 587.50,6.8411E-003
 588.00,7.2436E-003
 588.50,7.6248E-003
 589.00,8.0175E-003
 589.50,8.4100E-003
 590.00,8.7771E-003
 590.50,9.1919E-003
 591.00,9.5679E-003
 591.50,9.9680E-003
 592.00,1.0352E-002
 592.50,1.0812E-002
 593.00,1.1364E-002
 593.50,1.1971E-002
 594.00,1.2648E-002
 594.50,1.3313E-002
 595.00,1.4049E-002
 595.50,1.4764E-002
 596.00,1.5521E-002
 596.50,1.6217E-002
 597.00,1.6835E-002
 597.50,1.7363E-002
 598.00,1.7867E-002
 598.50,1.8385E-002
 599.00,1.8960E-002
 599.50,1.9504E-002
 600.00,2.0003E-002
 600.50,2.0505E-002
 601.00,2.1014E-002
 601.50,2.1525E-002
 602.00,2.2001E-002
 602.50,2.2440E-002
 603.00,2.2897E-002
 603.50,2.3343E-002
 604.00,2.3821E-002
 604.50,2.4264E-002
 605.00,2.4667E-002
 605.50,2.5034E-002
 606.00,2.5357E-002
 606.50,2.5613E-002
 607.00,2.5779E-002
 607.50,2.5977E-002
 608.00,2.6257E-002
 608.50,2.6492E-002
 609.00,2.6667E-002
 609.50,2.6887E-002
 610.00,2.7214E-002
 610.50,2.7576E-002
 611.00,2.7890E-002
 611.50,2.8219E-002
 612.00,2.8556E-002
 612.50,2.8960E-002
 613.00,2.9329E-002
 613.50,2.9731E-002
 614.00,3.0064E-002
 614.50,3.0358E-002
 615.00,3.0635E-002
 615.50,3.0802E-002
 616.00,3.0948E-002
 616.50,3.1045E-002
 617.00,3.1194E-002
 617.50,3.1360E-002
 618.00,3.1541E-002
 618.50,3.1760E-002
 619.00,3.1931E-002
 619.50,3.1965E-002
 620.00,3.1962E-002
 620.50,3.1875E-002
 621.00,3.1896E-002
 621.50,3.1835E-002
 622.00,3.1863E-002
 622.50,3.1950E-002
 623.00,3.2053E-002
 623.50,3.2162E-002
 624.00,3.2143E-002
 624.50,3.2174E-002
 625.00,3.2285E-002
 625.50,3.2464E-002
 626.00,3.2610E-002
 626.50,3.2643E-002
 627.00,3.2637E-002
 627.50,3.2567E-002
 628.00,3.2484E-002
 628.50,3.2390E-002
 629.00,3.2402E-002
 629.50,3.2497E-002
 630.00,3.2645E-002
 630.50,3.2829E-002
 631.00,3.2976E-002
 631.50,3.3139E-002
 632.00,3.3175E-002
 632.50,3.3245E-002
 633.00,3.3242E-002
 633.50,3.3321E-002
 634.00,3.3424E-002
 634.50,3.3571E-002
 635.00,3.3666E-002
 635.50,3.3715E-002
 636.00,3.3693E-002
 636.50,3.3879E-002
 637.00,3.4069E-002
 637.50,3.4248E-002
 638.00,3.4193E-002
 638.50,3.4083E-002
 639.00,3.4102E-002
 639.50,3.4223E-002
 640.00,3.4337E-002
 640.50,3.4363E-002
 641.00,3.4369E-002
 641.50,3.4390E-002
 642.00,3.4472E-002
 642.50,3.4535E-002
 643.00,3.4562E-002
 643.50,3.4605E-002
 644.00,3.4748E-002
 644.50,3.4931E-002
 645.00,3.5062E-002
 645.50,3.5148E-002
 646.00,3.5196E-002
 646.50,3.5182E-002
 647.00,3.5088E-002
 647.50,3.5096E-002
 648.00,3.5272E-002
 648.50,3.5519E-002
 649.00,3.5632E-002
 649.50,3.5532E-002
 650.00,3.5381E-002
 650.50,3.5306E-002
 651.00,3.5374E-002
 651.50,3.5419E-002
 652.00,3.5465E-002
 652.50,3.5559E-002
 653.00,3.5665E-002
 653.50,3.5696E-002
 654.00,3.5711E-002
 654.50,3.5751E-002
 655.00,3.5900E-002
 655.50,3.6018E-002
 656.00,3.6143E-002
 656.50,3.6179E-002
 657.00,3.6138E-002
 657.50,3.6123E-002
 658.00,3.6093E-002
 658.50,3.6098E-002
 659.00,3.6089E-002
 659.50,3.6117E-002
 660.00,3.6185E-002
 660.50,3.6236E-002
 661.00,3.6262E-002
 661.50,3.6278E-002
 662.00,3.6278E-002
 662.50,3.6340E-002
 663.00,3.6467E-002
 663.50,3.6496E-002
 664.00,3.6514E-002
 664.50,3.6432E-002
 665.00,3.6399E-002
 665.50,3.6386E-002
 666.00,3.6291E-002
 666.50,3.6227E-002
 667.00,3.6227E-002
 667.50,3.6381E-002
 668.00,3.6415E-002
 668.50,3.6385E-002
 669.00,3.6361E-002
 669.50,3.6466E-002
 670.00,3.6464E-002
 670.50,3.6443E-002
 671.00,3.6401E-002
 671.50,3.6358E-002
 672.00,3.6267E-002
 672.50,3.6164E-002
 673.00,3.6098E-002
 673.50,3.6108E-002
 674.00,3.6154E-002
 674.50,3.6286E-002
 675.00,3.6310E-002
 675.50,3.6343E-002
 676.00,3.6228E-002
 676.50,3.6137E-002
 677.00,3.6110E-002
 677.50,3.6164E-002
 678.00,3.6106E-002
 678.50,3.5983E-002
 679.00,3.5924E-002
 679.50,3.5914E-002
 680.00,3.5903E-002
 680.50,3.5837E-002
 681.00,3.5763E-002
 681.50,3.5694E-002
 682.00,3.5647E-002
 682.50,3.5624E-002
 683.00,3.5513E-002
 683.50,3.5291E-002
 684.00,3.5064E-002
 684.50,3.4987E-002
 685.00,3.5138E-002
 685.50,3.5350E-002
 686.00,3.5534E-002
 686.50,3.5671E-002
 687.00,3.5871E-002
 687.50,3.6013E-002
 688.00,3.6090E-002
 688.50,3.6143E-002
 689.00,3.6222E-002
 689.50,3.6325E-002
 690.00,3.6406E-002
 690.50,3.6593E-002
 691.00,3.6881E-002
 691.50,3.7154E-002
 692.00,3.7304E-002
 692.50,3.7389E-002
 693.00,3.7585E-002
 693.50,3.7835E-002
 694.00,3.8041E-002
 694.50,3.8152E-002
 695.00,3.8209E-002
 695.50,3.8223E-002
 696.00,3.8255E-002
 696.50,3.8383E-002
 697.00,3.8581E-002
 697.50,3.8711E-002
 698.00,3.8647E-002
 698.50,3.8595E-002
 699.00,3.8550E-002
 699.50,3.8588E-002
 700.00,3.8602E-002
 700.50,3.8740E-002
 701.00,3.8799E-002
 701.50,3.8874E-002
 702.00,3.8952E-002
 702.50,3.9194E-002
 703.00,3.9448E-002
 703.50,3.9649E-002
 704.00,3.9703E-002
 704.50,3.9745E-002
 705.00,3.9698E-002
 705.50,3.9647E-002
 706.00,3.9546E-002
 706.50,3.9486E-002
 707.00,3.9531E-002
 707.50,3.9647E-002
 708.00,3.9689E-002
 708.50,3.9700E-002
 709.00,3.9800E-002
 709.50,3.9961E-002
 710.00,4.0024E-002
 710.50,3.9999E-002
 711.00,4.0107E-002
 711.50,4.0085E-002
 712.00,4.0030E-002
 712.50,4.0095E-002
 713.00,4.0186E-002
 713.50,4.0119E-002
 714.00,3.9939E-002
 714.50,3.9861E-002
 715.00,3.9975E-002
 715.50,4.0124E-002
 716.00,4.0262E-002
 716.50,4.0211E-002
 717.00,4.0118E-002
 717.50,4.0224E-002
 718.00,4.0393E-002
 718.50,4.0503E-002
 719.00,4.0605E-002
 719.50,4.0520E-002
 720.00,4.0334E-002
 720.50,4.0138E-002
 721.00,4.0129E-002
 721.50,4.0113E-002
 722.00,3.9980E-002
 722.50,3.9982E-002
 723.00,4.0040E-002
 723.50,3.9945E-002
 724.00,3.9728E-002
 724.50,3.9586E-002
 725.00,3.9664E-002
 725.50,3.9726E-002
 726.00,3.9619E-002
 726.50,3.9423E-002
 727.00,3.9037E-002
 727.50,3.8821E-002
 728.00,3.8603E-002
 728.50,3.8588E-002
 729.00,3.8533E-002
 729.50,3.8225E-002
 730.00,3.7782E-002
 730.50,3.7127E-002
 731.00,3.6449E-002
 731.50,3.5616E-002
 732.00,3.4804E-002
 732.50,3.4057E-002
 733.00,3.3125E-002
 733.50,3.1967E-002
 734.00,3.0622E-002
 734.50,2.9294E-002
 735.00,2.8012E-002
 735.50,2.6800E-002
 736.00,2.5565E-002
 736.50,2.4371E-002
 737.00,2.3361E-002
 737.50,2.2644E-002
 738.00,2.2084E-002
 738.50,2.1750E-002
 739.00,2.1637E-002
 739.50,2.1662E-002
 740.00,2.1626E-002
 740.50,2.1562E-002
 741.00,2.1628E-002
 741.50,2.1723E-002
 742.00,2.1835E-002
 742.50,2.1830E-002
 743.00,2.1931E-002
 743.50,2.2111E-002
 744.00,2.2384E-002
 744.50,2.2669E-002
 745.00,2.3090E-002
 745.50,2.3207E-002
 746.00,2.3219E-002
 746.50,2.2964E-002
 747.00,2.2811E-002
 747.50,2.2548E-002
 748.00,2.2416E-002
 748.50,2.2237E-002
 749.00,2.2059E-002
 749.50,2.2126E-002
 750.00,2.2416E-002
 750.50,2.2850E-002
 751.00,2.3140E-002
 751.50,2.3499E-002
 752.00,2.3910E-002
 752.50,2.4346E-002
 753.00,2.4724E-002
 753.50,2.5336E-002
 754.00,2.6049E-002
 754.50,2.6845E-002
 755.00,2.7365E-002
 755.50,2.7867E-002
 756.00,2.8541E-002
 756.50,2.9197E-002
 757.00,2.9703E-002
 757.50,3.0276E-002
 758.00,3.0980E-002
 758.50,3.1786E-002
 759.00,3.2618E-002
 759.50,3.3198E-002
 760.00,3.3772E-002
 760.50,3.4010E-002
 761.00,3.4341E-002
 761.50,3.4470E-002
 762.00,3.4824E-002
 762.50,3.5320E-002
 763.00,3.5608E-002
 763.50,3.6126E-002
 764.00,3.6482E-002
 764.50,3.6954E-002
 765.00,3.7240E-002
 765.50,3.7729E-002
 766.00,3.8221E-002
 766.50,3.8583E-002
 767.00,3.8663E-002
 767.50,3.8703E-002
 768.00,3.9109E-002
 768.50,3.9402E-002
 769.00,3.9550E-002
 769.50,3.9611E-002
 770.00,3.9976E-002
 770.50,4.0260E-002
 771.00,4.0271E-002
 771.50,4.0198E-002
 772.00,4.0363E-002
 772.50,4.0667E-002
 773.00,4.0894E-002
 773.50,4.0991E-002
 774.00,4.1143E-002
 774.50,4.1095E-002
 775.00,4.1017E-002
 775.50,4.1091E-002
 776.00,4.1425E-002
 776.50,4.1712E-002
 777.00,4.1829E-002
 777.50,4.1735E-002
 778.00,4.1386E-002
 778.50,4.1197E-002
 779.00,4.0712E-002
 779.50,4.0584E-002
 780.00,4.0498E-002
 780.50,4.0593E-002
 781.00,4.0313E-002
 781.50,4.0268E-002
 782.00,4.0109E-002
 782.50,3.9843E-002
 783.00,3.9540E-002
 783.50,3.9349E-002
 784.00,3.9208E-002
 784.50,3.8987E-002
 785.00,3.8772E-002
 785.50,3.8369E-002
 786.00,3.7837E-002
 786.50,3.7309E-002
 787.00,3.6956E-002
 787.50,3.6418E-002
 788.00,3.6000E-002
 788.50,3.5256E-002
 789.00,3.4585E-002
 789.50,3.4240E-002
 790.00,3.4084E-002
 790.50,3.3574E-002
 791.00,3.2880E-002
 791.50,3.2050E-002
 792.00,3.1362E-002
 792.50,3.0639E-002
 793.00,3.0096E-002
 793.50,2.9603E-002
 794.00,2.9084E-002
 794.50,2.8636E-002
 795.00,2.7975E-002
 795.50,2.7283E-002
 796.00,2.6670E-002
 796.50,2.6761E-002
 797.00,2.6726E-002
 797.50,2.6374E-002
 798.00,2.5927E-002
 798.50,2.5524E-002
 799.00,2.5165E-002
 799.50,2.5116E-002
 800.00,2.5131E-002
 800.50,2.4794E-002
 801.00,2.4338E-002
 801.50,2.4165E-002
 802.00,2.3945E-002
 802.50,2.3640E-002
 803.00,2.3233E-002
 803.50,2.2540E-002
 804.00,2.1958E-002
 804.50,2.1170E-002
 805.00,2.0415E-002
 805.50,1.9509E-002
 806.00,1.8902E-002
 806.50,1.8180E-002
 807.00,1.7344E-002
 807.50,1.7077E-002
 808.00,1.7247E-002
 808.50,1.7645E-002
 809.00,1.8199E-002
 809.50,1.8949E-002
 810.00,1.9657E-002
 810.50,2.0474E-002
 811.00,2.1500E-002
 811.50,2.2345E-002
 812.00,2.3254E-002
 812.50,2.4210E-002
 813.00,2.5207E-002
 813.50,2.6245E-002
 814.00,2.7290E-002
 814.50,2.8104E-002
 815.00,2.8966E-002
 815.50,2.9660E-002
 816.00,3.0461E-002
 816.50,3.1334E-002
 817.00,3.2493E-002
 817.50,3.3201E-002
 818.00,3.3553E-002
 818.50,3.3985E-002
 819.00,3.4690E-002
 819.50,3.5107E-002
 820.00,3.5360E-002
 820.50,3.5797E-002
 821.00,3.6775E-002
 821.50,3.7205E-002
 822.00,3.7221E-002
 822.50,3.7197E-002
 823.00,3.7593E-002
 823.50,3.8072E-002
 824.00,3.8652E-002
 824.50,3.9039E-002
 825.00,3.9357E-002
 825.50,3.9501E-002
 826.00,3.9900E-002
 826.50,4.0355E-002
 827.00,4.0947E-002
 827.50,4.1208E-002
 828.00,4.1721E-002
 828.50,4.1660E-002
 829.00,4.1599E-002
 829.50,4.1402E-002
 830.00,4.2091E-002
 830.50,4.2450E-002
 831.00,4.2805E-002
 831.50,4.3144E-002
 832.00,4.3555E-002
 832.50,4.3677E-002
 833.00,4.4140E-002
 833.50,4.4281E-002
 834.00,4.4181E-002
 834.50,4.4201E-002
 835.00,4.4684E-002
 835.50,4.5086E-002
 836.00,4.4920E-002
 836.50,4.4725E-002
 837.00,4.4949E-002
 837.50,4.4807E-002
 838.00,4.4869E-002
 838.50,4.4960E-002
 839.00,4.5007E-002
 839.50,4.5432E-002
 840.00,4.6086E-002
 840.50,4.6023E-002
 841.00,4.5809E-002
 841.50,4.5729E-002
 842.00,4.6400E-002
 842.50,4.6938E-002
 843.00,4.7052E-002
 843.50,4.6805E-002
 844.00,4.6187E-002
 844.50,4.5833E-002
 845.00,4.5929E-002
 845.50,4.6004E-002
 846.00,4.5513E-002
 846.50,4.5734E-002
 847.00,4.6530E-002
 847.50,4.6743E-002
 848.00,4.6510E-002
 848.50,4.6542E-002
 849.00,4.6591E-002
 849.50,4.6461E-002
 850.00,4.6105E-002
 850.50,4.5963E-002
 851.00,4.6355E-002
 851.50,4.6055E-002
 852.00,4.5524E-002
 852.50,4.5147E-002
 853.00,4.5918E-002
 853.50,4.6359E-002
 854.00,4.5821E-002
 854.50,4.4702E-002
 855.00,4.4241E-002
 855.50,4.4437E-002
 856.00,4.4909E-002
 856.50,4.5766E-002
 857.00,4.5996E-002
 857.50,4.5487E-002
 858.00,4.4750E-002
 858.50,4.4222E-002
 859.00,4.4059E-002
 859.50,4.4355E-002
 860.00,4.4374E-002
 860.50,4.4301E-002
 861.00,4.4312E-002
 861.50,4.3738E-002
 862.00,4.3103E-002
 862.50,4.3040E-002
 863.00,4.3326E-002
 863.50,4.2576E-002
 864.00,4.1724E-002
 864.50,4.1403E-002
 865.00,4.1456E-002
 865.50,4.1651E-002
 866.00,4.1639E-002
 866.50,4.1047E-002
 867.00,4.0044E-002
 867.50,4.0184E-002
 868.00,4.0763E-002
 868.50,4.1093E-002
 869.00,4.0977E-002
 869.50,4.0346E-002
 870.00,3.9841E-002
 870.50,4.0250E-002
 871.00,4.0550E-002
 871.50,4.0353E-002
 872.00,3.9894E-002
 872.50,3.9838E-002
 873.00,4.0488E-002
 873.50,4.0052E-002
 874.00,3.9478E-002
 874.50,3.9058E-002
 875.00,3.8444E-002
 875.50,3.8541E-002
 876.00,3.9049E-002
 876.50,3.8368E-002
 877.00,3.7346E-002
 877.50,3.7091E-002
 878.00,3.7198E-002
 878.50,3.7435E-002
 879.00,3.7603E-002
 879.50,3.6684E-002
 880.00,3.5741E-002
 880.50,3.5812E-002
 881.00,3.7101E-002
 881.50,3.8435E-002
 882.00,3.8729E-002
 882.50,3.9011E-002
 883.00,3.9398E-002
 883.50,3.9637E-002
 884.00,3.9625E-002
 884.50,4.0052E-002
 885.00,4.0290E-002
 885.50,4.0497E-002
 886.00,4.0888E-002
 886.50,4.1250E-002
 887.00,4.1157E-002
 887.50,4.1447E-002
 888.00,4.1221E-002
 888.50,4.1711E-002
 889.00,4.2891E-002
 889.50,4.2039E-002
 890.00,4.0319E-002
 890.50,4.0459E-002
 891.00,4.1243E-002
 891.50,4.1840E-002
 892.00,4.3041E-002
 892.50,4.3535E-002
 893.00,4.3628E-002
 893.50,4.4627E-002
 894.00,4.4320E-002
 894.50,4.2794E-002
 895.00,4.3632E-002
 895.50,4.5312E-002
 896.00,4.5688E-002
 896.50,4.5648E-002
 897.00,4.5039E-002
 897.50,4.4273E-002
 898.00,4.5136E-002
 898.50,4.5059E-002
 899.00,4.4086E-002
 899.50,8.7128E-004

