wavelength,relativeIntensity
 273.00,0.0000E+000
 273.50,0.0000E+000
 274.00,0.0000E+000
 274.50,0.0000E+000
 275.00,0.0000E+000
 275.50,0.0000E+000
 276.00,0.0000E+000
 276.50,0.0000E+000
 277.00,0.0000E+000
 277.50,0.0000E+000
 278.00,0.0000E+000
 278.50,0.0000E+000
 279.00,0.0000E+000
 279.50,0.0000E+000
 280.00,0.0000E+000
 280.50,0.0000E+000
 281.00,0.0000E+000
 281.50,0.0000E+000
 282.00,0.0000E+000
 282.50,0.0000E+000
 283.00,0.0000E+000
 283.50,0.0000E+000
 284.00,0.0000E+000
 284.50,0.0000E+000
 285.00,0.0000E+000
 285.50,0.0000E+000
 286.00,0.0000E+000
 286.50,0.0000E+000
 287.00,0.0000E+000
 287.50,0.0000E+000
 288.00,0.0000E+000
 288.50,0.0000E+000
 289.00,0.0000E+000
 289.50,0.0000E+000
 290.00,0.0000E+000
 290.50,0.0000E+000
 291.00,0.0000E+000
 291.50,0.0000E+000
 292.00,0.0000E+000
 292.50,0.0000E+000
 293.00,0.0000E+000
 293.50,0.0000E+000
 294.00,0.0000E+000
 294.50,0.0000E+000
 295.00,0.0000E+000
 295.50,0.0000E+000
 296.00,0.0000E+000
 296.50,0.0000E+000
 297.00,0.0000E+000
 297.50,0.0000E+000
 298.00,0.0000E+000
 298.50,0.0000E+000
 299.00,0.0000E+000
 299.50,0.0000E+000
 300.00,0.0000E+000
 300.50,0.0000E+000
 301.00,0.0000E+000
 301.50,0.0000E+000
 302.00,0.0000E+000
 302.50,0.0000E+000
 303.00,0.0000E+000
 303.50,0.0000E+000
 304.00,0.0000E+000
 304.50,0.0000E+000
 305.00,0.0000E+000
 305.50,0.0000E+000
 306.00,0.0000E+000
 306.50,0.0000E+000
 307.00,0.0000E+000
 307.50,0.0000E+000
 308.00,0.0000E+000
 308.50,0.0000E+000
 309.00,0.0000E+000
 309.50,0.0000E+000
 310.00,0.0000E+000
 310.50,0.0000E+000
 311.00,0.0000E+000
 311.50,0.0000E+000
 312.00,0.0000E+000
 312.50,0.0000E+000
 313.00,0.0000E+000
 313.50,0.0000E+000
 314.00,0.0000E+000
 314.50,0.0000E+000
 315.00,0.0000E+000
 315.50,0.0000E+000
 316.00,0.0000E+000
 316.50,0.0000E+000
 317.00,0.0000E+000
 317.50,0.0000E+000
 318.00,0.0000E+000
 318.50,0.0000E+000
 319.00,0.0000E+000
 319.50,0.0000E+000
 320.00,0.0000E+000
 320.50,0.0000E+000
 321.00,0.0000E+000
 321.50,0.0000E+000
 322.00,0.0000E+000
 322.50,0.0000E+000
 323.00,0.0000E+000
 323.50,0.0000E+000
 324.00,0.0000E+000
 324.50,0.0000E+000
 325.00,0.0000E+000
 325.50,0.0000E+000
 326.00,0.0000E+000
 326.50,0.0000E+000
 327.00,0.0000E+000
 327.50,0.0000E+000
 328.00,0.0000E+000
 328.50,0.0000E+000
 329.00,0.0000E+000
 329.50,0.0000E+000
 330.00,0.0000E+000
 330.50,0.0000E+000
 331.00,0.0000E+000
 331.50,0.0000E+000
 332.00,0.0000E+000
 332.50,0.0000E+000
 333.00,0.0000E+000
 333.50,0.0000E+000
 334.00,0.0000E+000
 334.50,0.0000E+000
 335.00,0.0000E+000
 335.50,0.0000E+000
 336.00,0.0000E+000
 336.50,0.0000E+000
 337.00,0.0000E+000
 337.50,0.0000E+000
 338.00,0.0000E+000
 338.50,0.0000E+000
 339.00,0.0000E+000
 339.50,0.0000E+000
 340.00,0.0000E+000
 340.50,0.0000E+000
 341.00,0.0000E+000
 341.50,0.0000E+000
 342.00,0.0000E+000
 342.50,0.0000E+000
 343.00,0.0000E+000
 343.50,0.0000E+000
 344.00,0.0000E+000
 344.50,0.0000E+000
 345.00,0.0000E+000
 345.50,0.0000E+000
 346.00,0.0000E+000
 346.50,0.0000E+000
 347.00,0.0000E+000
 347.50,0.0000E+000
 348.00,0.0000E+000
 348.50,0.0000E+000
 349.00,0.0000E+000
 349.50,0.0000E+000
 350.00,0.0000E+000
 350.50,0.0000E+000
 351.00,0.0000E+000
 351.50,0.0000E+000
 352.00,0.0000E+000
 352.50,0.0000E+000
 353.00,0.0000E+000
 353.50,0.0000E+000
 354.00,0.0000E+000
 354.50,0.0000E+000
 355.00,0.0000E+000
 355.50,0.0000E+000
 356.00,0.0000E+000
 356.50,0.0000E+000
 357.00,0.0000E+000
 357.50,0.0000E+000
 358.00,0.0000E+000
 358.50,0.0000E+000
 359.00,0.0000E+000
 359.50,0.0000E+000
 360.00,0.0000E+000
 360.50,0.0000E+000
 361.00,0.0000E+000
 361.50,0.0000E+000
 362.00,0.0000E+000
 362.50,0.0000E+000
 363.00,0.0000E+000
 363.50,0.0000E+000
 364.00,0.0000E+000
 364.50,0.0000E+000
 365.00,0.0000E+000
 365.50,0.0000E+000
 366.00,0.0000E+000
 366.50,0.0000E+000
 367.00,0.0000E+000
 367.50,0.0000E+000
 368.00,0.0000E+000
 368.50,0.0000E+000
 369.00,0.0000E+000
 369.50,0.0000E+000
 370.00,0.0000E+000
 370.50,0.0000E+000
 371.00,0.0000E+000
 371.50,0.0000E+000
 372.00,0.0000E+000
 372.50,0.0000E+000
 373.00,0.0000E+000
 373.50,0.0000E+000
 374.00,0.0000E+000
 374.50,0.0000E+000
 375.00,0.0000E+000
 375.50,0.0000E+000
 376.00,0.0000E+000
 376.50,0.0000E+000
 377.00,0.0000E+000
 377.50,0.0000E+000
 378.00,0.0000E+000
 378.50,0.0000E+000
 379.00,0.0000E+000
 379.50,0.0000E+000
 380.00,0.0000E+000
 380.50,1.0139E-003
 381.00,1.4577E-003
 381.50,1.5020E-003
 382.00,1.5526E-003
 382.50,1.6129E-003
 383.00,1.6525E-003
 383.50,1.6571E-003
 384.00,1.6833E-003
 384.50,1.7118E-003
 385.00,1.7466E-003
 385.50,1.7716E-003
 386.00,1.7797E-003
 386.50,1.7964E-003
 387.00,1.8408E-003
 387.50,1.9039E-003
 388.00,1.9797E-003
 388.50,2.0393E-003
 389.00,2.1065E-003
 389.50,2.1460E-003
 390.00,2.1710E-003
 390.50,2.1874E-003
 391.00,2.1779E-003
 391.50,2.1931E-003
 392.00,2.1965E-003
 392.50,2.2410E-003
 393.00,2.3186E-003
 393.50,2.3768E-003
 394.00,2.4502E-003
 394.50,2.5010E-003
 395.00,2.5344E-003
 395.50,2.5731E-003
 396.00,2.5842E-003
 396.50,2.6209E-003
 397.00,2.6666E-003
 397.50,2.7437E-003
 398.00,2.8301E-003
 398.50,2.8806E-003
 399.00,2.9097E-003
 399.50,2.9325E-003
 400.00,2.9481E-003
 400.50,2.9909E-003
 401.00,2.9987E-003
 401.50,3.0067E-003
 402.00,3.0418E-003
 402.50,3.0646E-003
 403.00,3.1236E-003
 403.50,3.1620E-003
 404.00,3.1816E-003
 404.50,3.2128E-003
 405.00,3.2269E-003
 405.50,3.2652E-003
 406.00,3.3175E-003
 406.50,3.3501E-003
 407.00,3.3571E-003
 407.50,3.3593E-003
 408.00,3.3477E-003
 408.50,3.3526E-003
 409.00,3.3498E-003
 409.50,3.3836E-003
 410.00,3.4436E-003
 410.50,3.5378E-003
 411.00,3.6278E-003
 411.50,3.6956E-003
 412.00,3.7336E-003
 412.50,3.7452E-003
 413.00,3.7401E-003
 413.50,3.7492E-003
 414.00,3.7631E-003
 414.50,3.8286E-003
 415.00,3.9173E-003
 415.50,4.0350E-003
 416.00,4.1093E-003
 416.50,4.1480E-003
 417.00,4.1326E-003
 417.50,4.0940E-003
 418.00,4.0665E-003
 418.50,4.1061E-003
 419.00,4.1516E-003
 419.50,4.2404E-003
 420.00,4.3185E-003
 420.50,4.3575E-003
 421.00,4.4071E-003
 421.50,4.4288E-003
 422.00,4.4456E-003
 422.50,4.4827E-003
 423.00,4.4886E-003
 423.50,4.5284E-003
 424.00,4.5250E-003
 424.50,4.5439E-003
 425.00,4.5519E-003
 425.50,4.5373E-003
 426.00,4.5770E-003
 426.50,4.6192E-003
 427.00,4.6591E-003
 427.50,4.7058E-003
 428.00,4.7346E-003
 428.50,4.7039E-003
 429.00,4.6730E-003
 429.50,4.5757E-003
 430.00,4.4713E-003
 430.50,4.4442E-003
 431.00,4.4635E-003
 431.50,4.5610E-003
 432.00,4.6898E-003
 432.50,4.8029E-003
 433.00,4.9320E-003
 433.50,5.0676E-003
 434.00,5.1670E-003
 434.50,5.2356E-003
 435.00,5.2809E-003
 435.50,5.3180E-003
 436.00,5.4253E-003
 436.50,5.5197E-003
 437.00,5.6067E-003
 437.50,5.6513E-003
 438.00,5.7207E-003
 438.50,5.8099E-003
 439.00,5.9160E-003
 439.50,6.0290E-003
 440.00,6.0930E-003
 440.50,6.1412E-003
 441.00,6.1808E-003
 441.50,6.2492E-003
 442.00,6.3255E-003
 442.50,6.3897E-003
 443.00,6.4267E-003
 443.50,6.4405E-003
 444.00,6.4527E-003
 444.50,6.4822E-003
 445.00,6.4984E-003
 445.50,6.6021E-003
 446.00,6.7073E-003
 446.50,6.8378E-003
 447.00,6.9543E-003
 447.50,7.0457E-003
 448.00,7.1268E-003
 448.50,7.1816E-003
 449.00,7.2221E-003
 449.50,7.2315E-003
 450.00,7.2495E-003
 450.50,7.2848E-003
 451.00,7.3345E-003
 451.50,7.4062E-003
 452.00,7.4132E-003
 452.50,7.4498E-003
 453.00,7.4698E-003
 453.50,7.4735E-003
 454.00,7.5450E-003
 454.50,7.6060E-003
 455.00,7.6899E-003
 455.50,7.7683E-003
 456.00,7.8040E-003
 456.50,7.8241E-003
 457.00,7.8387E-003
 457.50,7.9043E-003
 458.00,7.9795E-003
 458.50,8.0470E-003
 459.00,8.1214E-003
 459.50,8.1911E-003
 460.00,8.2709E-003
 460.50,8.3444E-003
 461.00,8.3685E-003
 461.50,8.4064E-003
 462.00,8.4609E-003
 462.50,8.5496E-003
 463.00,8.5995E-003
 463.50,8.6498E-003
 464.00,8.7339E-003
 464.50,8.8038E-003
 465.00,8.8876E-003
 465.50,8.9281E-003
 466.00,8.9635E-003
 466.50,9.0278E-003
 467.00,9.1203E-003
 467.50,9.2068E-003
 468.00,9.2327E-003
 468.50,9.2836E-003
 469.00,9.3009E-003
 469.50,9.3521E-003
 470.00,9.3918E-003
 470.50,9.4211E-003
 471.00,9.4381E-003
 471.50,9.4172E-003
 472.00,9.3602E-003
 472.50,9.3253E-003
 473.00,9.3694E-003
 473.50,9.4507E-003
 474.00,9.5463E-003
 474.50,9.6154E-003
 475.00,9.6810E-003
 475.50,9.7528E-003
 476.00,9.8423E-003
 476.50,9.9014E-003
 477.00,9.9675E-003
 477.50,1.0055E-002
 478.00,1.0197E-002
 478.50,1.0388E-002
 479.00,1.0587E-002
 479.50,1.0769E-002
 480.00,1.0891E-002
 480.50,1.1012E-002
 481.00,1.1130E-002
 481.50,1.1262E-002
 482.00,1.1426E-002
 482.50,1.1591E-002
 483.00,1.1770E-002
 483.50,1.1976E-002
 484.00,1.2167E-002
 484.50,1.2326E-002
 485.00,1.2465E-002
 485.50,1.2586E-002
 486.00,1.2737E-002
 486.50,1.2909E-002
 487.00,1.3059E-002
 487.50,1.3178E-002
 488.00,1.3288E-002
 488.50,1.3368E-002
 489.00,1.3468E-002
 489.50,1.3552E-002
 490.00,1.3649E-002
 490.50,1.3771E-002
 491.00,1.3923E-002
 491.50,1.4079E-002
 492.00,1.4223E-002
 492.50,1.4331E-002
 493.00,1.4408E-002
 493.50,1.4459E-002
 494.00,1.4507E-002
 494.50,1.4554E-002
 495.00,1.4624E-002
 495.50,1.4696E-002
 496.00,1.4789E-002
 496.50,1.4877E-002
 497.00,1.4957E-002
 497.50,1.5010E-002
 498.00,1.5044E-002
 498.50,1.5104E-002
 499.00,1.5155E-002
 499.50,1.5221E-002
 500.00,1.5285E-002
 500.50,1.5331E-002
 501.00,1.5375E-002
 501.50,1.5383E-002
 502.00,1.5407E-002
 502.50,1.5495E-002
 503.00,1.5598E-002
 503.50,1.5691E-002
 504.00,1.5737E-002
 504.50,1.5773E-002
 505.00,1.5791E-002
 505.50,1.5792E-002
 506.00,1.5796E-002
 506.50,1.5817E-002
 507.00,1.5840E-002
 507.50,1.5810E-002
 508.00,1.5739E-002
 508.50,1.5633E-002
 509.00,1.5460E-002
 509.50,1.5246E-002
 510.00,1.5031E-002
 510.50,1.4853E-002
 511.00,1.4683E-002
 511.50,1.4524E-002
 512.00,1.4363E-002
 512.50,1.4251E-002
 513.00,1.4211E-002
 513.50,1.4243E-002
 514.00,1.4345E-002
 514.50,1.4556E-002
 515.00,1.4845E-002
 515.50,1.5185E-002
 516.00,1.5526E-002
 516.50,1.5837E-002
 517.00,1.6151E-002
 517.50,1.6474E-002
 518.00,1.6747E-002
 518.50,1.6970E-002
 519.00,1.7161E-002
 519.50,1.7312E-002
 520.00,1.7441E-002
 520.50,1.7485E-002
 521.00,1.7423E-002
 521.50,1.7239E-002
 522.00,1.6917E-002
 522.50,1.6471E-002
 523.00,1.6014E-002
 523.50,1.5581E-002
 524.00,1.5197E-002
 524.50,1.4856E-002
 525.00,1.4629E-002
 525.50,1.4482E-002
 526.00,1.4406E-002
 526.50,1.4349E-002
 527.00,1.4284E-002
 527.50,1.4262E-002
 528.00,1.4247E-002
 528.50,1.4280E-002
 529.00,1.4340E-002
 529.50,1.4438E-002
 530.00,1.4613E-002
 530.50,1.4866E-002
 531.00,1.5164E-002
 531.50,1.5460E-002
 532.00,1.5834E-002
 532.50,1.6307E-002
 533.00,1.6857E-002
 533.50,1.7496E-002
 534.00,1.8182E-002
 534.50,1.8935E-002
 535.00,1.9733E-002
 535.50,2.0594E-002
 536.00,2.1489E-002
 536.50,2.2354E-002
 537.00,2.3147E-002
 537.50,2.3857E-002
 538.00,2.4624E-002
 538.50,2.5348E-002
 539.00,2.6088E-002
 539.50,2.6774E-002
 540.00,2.7389E-002
 540.50,2.7973E-002
 541.00,2.8551E-002
 541.50,2.9134E-002
 542.00,2.9694E-002
 542.50,3.0200E-002
 543.00,3.0701E-002
 543.50,3.1123E-002
 544.00,3.1541E-002
 544.50,3.1939E-002
 545.00,3.2359E-002
 545.50,3.2749E-002
 546.00,3.3066E-002
 546.50,3.3334E-002
 547.00,3.3596E-002
 547.50,3.3884E-002
 548.00,3.4141E-002
 548.50,3.4378E-002
 549.00,3.4628E-002
 549.50,3.4791E-002
 550.00,3.4958E-002
 550.50,3.5126E-002
 551.00,3.5330E-002
 551.50,3.5527E-002
 552.00,3.5664E-002
 552.50,3.5815E-002
 553.00,3.6015E-002
 553.50,3.6225E-002
 554.00,3.6376E-002
 554.50,3.6484E-002
 555.00,3.6649E-002
 555.50,3.6882E-002
 556.00,3.7170E-002
 556.50,3.7349E-002
 557.00,3.7536E-002
 557.50,3.7662E-002
 558.00,3.7759E-002
 558.50,3.7791E-002
 559.00,3.7850E-002
 559.50,3.7976E-002
 560.00,3.8103E-002
 560.50,3.8179E-002
 561.00,3.8203E-002
 561.50,3.8150E-002
 562.00,3.8063E-002
 562.50,3.7925E-002
 563.00,3.7710E-002
 563.50,3.7508E-002
 564.00,3.7167E-002
 564.50,3.6737E-002
 565.00,3.6166E-002
 565.50,3.5371E-002
 566.00,3.4392E-002
 566.50,3.3036E-002
 567.00,3.1323E-002
 567.50,2.9148E-002
 568.00,2.6626E-002
 568.50,2.3771E-002
 569.00,2.0712E-002
 569.50,1.7653E-002
 570.00,1.4762E-002
 570.50,1.2235E-002
 571.00,1.0123E-002
 571.50,8.4949E-003
 572.00,7.3620E-003
 572.50,6.6524E-003
 573.00,6.3009E-003
 573.50,6.1272E-003
 574.00,6.0835E-003
 574.50,6.0881E-003
 575.00,6.1709E-003
 575.50,6.2866E-003
 576.00,6.4046E-003
 576.50,6.5289E-003
 577.00,6.6593E-003
 577.50,6.8379E-003
 578.00,7.0409E-003
 578.50,7.2708E-003
 579.00,7.4613E-003
 579.50,7.5899E-003
 580.00,7.5764E-003
 580.50,7.4243E-003
 581.00,7.1035E-003
 581.50,6.6360E-003
 582.00,6.0270E-003
 582.50,5.3909E-003
 583.00,4.8031E-003
 583.50,4.3257E-003
 584.00,3.9468E-003
 584.50,3.6600E-003
 585.00,3.4826E-003
 585.50,3.4353E-003
 586.00,3.5176E-003
 586.50,3.7060E-003
 587.00,3.9690E-003
 587.50,4.3167E-003
 588.00,4.7250E-003
 588.50,5.1875E-003
 589.00,5.6856E-003
 589.50,6.2062E-003
 590.00,6.7103E-003
 590.50,7.1461E-003
 591.00,7.5831E-003
 591.50,8.0892E-003
 592.00,8.6923E-003
 592.50,9.3728E-003
 593.00,1.0154E-002
 593.50,1.1095E-002
 594.00,1.2218E-002
 594.50,1.3426E-002
 595.00,1.4678E-002
 595.50,1.5926E-002
 596.00,1.7227E-002
 596.50,1.8585E-002
 597.00,1.9914E-002
 597.50,2.1152E-002
 598.00,2.2228E-002
 598.50,2.3280E-002
 599.00,2.4317E-002
 599.50,2.5398E-002
 600.00,2.6505E-002
 600.50,2.7636E-002
 601.00,2.8807E-002
 601.50,3.0052E-002
 602.00,3.1319E-002
 602.50,3.2585E-002
 603.00,3.3742E-002
 603.50,3.4854E-002
 604.00,3.5939E-002
 604.50,3.6936E-002
 605.00,3.7890E-002
 605.50,3.8766E-002
 606.00,3.9563E-002
 606.50,4.0305E-002
 607.00,4.1045E-002
 607.50,4.1785E-002
 608.00,4.2486E-002
 608.50,4.3145E-002
 609.00,4.3846E-002
 609.50,4.4606E-002
 610.00,4.5384E-002
 610.50,4.6205E-002
 611.00,4.7111E-002
 611.50,4.7999E-002
 612.00,4.8894E-002
 612.50,4.9766E-002
 613.00,5.0746E-002
 613.50,5.1763E-002
 614.00,5.2669E-002
 614.50,5.3524E-002
 615.00,5.4324E-002
 615.50,5.5107E-002
 616.00,5.5738E-002
 616.50,5.6236E-002
 617.00,5.6609E-002
 617.50,5.6938E-002
 618.00,5.7197E-002
 618.50,5.7454E-002
 619.00,5.7702E-002
 619.50,5.7854E-002
 620.00,5.7979E-002
 620.50,5.7957E-002
 621.00,5.7897E-002
 621.50,5.7807E-002
 622.00,5.7832E-002
 622.50,5.7988E-002
 623.00,5.8058E-002
 623.50,5.8130E-002
 624.00,5.8249E-002
 624.50,5.8376E-002
 625.00,5.8498E-002
 625.50,5.8516E-002
 626.00,5.8583E-002
 626.50,5.8668E-002
 627.00,5.8877E-002
 627.50,5.9111E-002
 628.00,5.9384E-002
 628.50,5.9493E-002
 629.00,5.9669E-002
 629.50,5.9758E-002
 630.00,5.9911E-002
 630.50,6.0014E-002
 631.00,6.0166E-002
 631.50,6.0318E-002
 632.00,6.0477E-002
 632.50,6.0712E-002
 633.00,6.1003E-002
 633.50,6.1250E-002
 634.00,6.1397E-002
 634.50,6.1668E-002
 635.00,6.2010E-002
 635.50,6.2352E-002
 636.00,6.2575E-002
 636.50,6.2732E-002
 637.00,6.2848E-002
 637.50,6.2978E-002
 638.00,6.3055E-002
 638.50,6.3240E-002
 639.00,6.3499E-002
 639.50,6.3826E-002
 640.00,6.3992E-002
 640.50,6.4072E-002
 641.00,6.4286E-002
 641.50,6.4662E-002
 642.00,6.4931E-002
 642.50,6.5023E-002
 643.00,6.5028E-002
 643.50,6.5210E-002
 644.00,6.5527E-002
 644.50,6.5792E-002
 645.00,6.6046E-002
 645.50,6.6131E-002
 646.00,6.6272E-002
 646.50,6.6410E-002
 647.00,6.6644E-002
 647.50,6.6801E-002
 648.00,6.6899E-002
 648.50,6.7020E-002
 649.00,6.7186E-002
 649.50,6.7325E-002
 650.00,6.7504E-002
 650.50,6.7757E-002
 651.00,6.7982E-002
 651.50,6.8051E-002
 652.00,6.8053E-002
 652.50,6.8151E-002
 653.00,6.8305E-002
 653.50,6.8452E-002
 654.00,6.8563E-002
 654.50,6.8688E-002
 655.00,6.8799E-002
 655.50,6.9029E-002
 656.00,6.9276E-002
 656.50,6.9505E-002
 657.00,6.9607E-002
 657.50,6.9610E-002
 658.00,6.9649E-002
 658.50,6.9712E-002
 659.00,6.9783E-002
 659.50,6.9988E-002
 660.00,7.0251E-002
 660.50,7.0587E-002
 661.00,7.0733E-002
 661.50,7.0775E-002
 662.00,7.0703E-002
 662.50,7.0653E-002
 663.00,7.0635E-002
 663.50,7.0671E-002
 664.00,7.0764E-002
 664.50,7.0933E-002
 665.00,7.1046E-002
 665.50,7.0988E-002
 666.00,7.0779E-002
 666.50,7.0836E-002
 667.00,7.1037E-002
 667.50,7.1197E-002
 668.00,7.1184E-002
 668.50,7.1206E-002
 669.00,7.1231E-002
 669.50,7.1246E-002
 670.00,7.1182E-002
 670.50,7.1113E-002
 671.00,7.1085E-002
 671.50,7.1077E-002
 672.00,7.1076E-002
 672.50,7.1099E-002
 673.00,7.1153E-002
 673.50,7.1207E-002
 674.00,7.1276E-002
 674.50,7.1324E-002
 675.00,7.1302E-002
 675.50,7.1235E-002
 676.00,7.1156E-002
 676.50,7.1185E-002
 677.00,7.1065E-002
 677.50,7.0965E-002
 678.00,7.0769E-002
 678.50,7.0635E-002
 679.00,7.0472E-002
 679.50,7.0430E-002
 680.00,7.0356E-002
 680.50,7.0324E-002
 681.00,7.0113E-002
 681.50,6.9888E-002
 682.00,6.9584E-002
 682.50,6.9420E-002
 683.00,6.9320E-002
 683.50,6.9129E-002
 684.00,6.8995E-002
 684.50,6.8978E-002
 685.00,6.9133E-002
 685.50,6.9360E-002
 686.00,6.9936E-002
 686.50,7.0697E-002
 687.00,7.1342E-002
 687.50,7.1787E-002
 688.00,7.2218E-002
 688.50,7.2751E-002
 689.00,7.3222E-002
 689.50,7.3661E-002
 690.00,7.4225E-002
 690.50,7.4888E-002
 691.00,7.5514E-002
 691.50,7.5973E-002
 692.00,7.6491E-002
 692.50,7.6973E-002
 693.00,7.7530E-002
 693.50,7.8070E-002
 694.00,7.8754E-002
 694.50,7.9392E-002
 695.00,8.0011E-002
 695.50,8.0423E-002
 696.00,8.0798E-002
 696.50,8.1033E-002
 697.00,8.1520E-002
 697.50,8.2097E-002
 698.00,8.2693E-002
 698.50,8.3085E-002
 699.00,8.3497E-002
 699.50,8.3781E-002
 700.00,8.4067E-002
 700.50,8.4317E-002
 701.00,8.4563E-002
 701.50,8.4736E-002
 702.00,8.4939E-002
 702.50,8.5113E-002
 703.00,8.5347E-002
 703.50,8.5493E-002
 704.00,8.5861E-002
 704.50,8.6307E-002
 705.00,8.6796E-002
 705.50,8.7043E-002
 706.00,8.7283E-002
 706.50,8.7602E-002
 707.00,8.7863E-002
 707.50,8.8260E-002
 708.00,8.8678E-002
 708.50,8.9127E-002
 709.00,8.9451E-002
 709.50,8.9541E-002
 710.00,8.9543E-002
 710.50,8.9646E-002
 711.00,8.9740E-002
 711.50,8.9850E-002
 712.00,8.9883E-002
 712.50,9.0036E-002
 713.00,9.0402E-002
 713.50,9.0761E-002
 714.00,9.1064E-002
 714.50,9.1260E-002
 715.00,9.1524E-002
 715.50,9.1752E-002
 716.00,9.2013E-002
 716.50,9.2384E-002
 717.00,9.2455E-002
 717.50,9.2557E-002
 718.00,9.2684E-002
 718.50,9.2891E-002
 719.00,9.3018E-002
 719.50,9.3033E-002
 720.00,9.3157E-002
 720.50,9.3167E-002
 721.00,9.3211E-002
 721.50,9.3219E-002
 722.00,9.3300E-002
 722.50,9.3304E-002
 723.00,9.3285E-002
 723.50,9.3065E-002
 724.00,9.2742E-002
 724.50,9.2426E-002
 725.00,9.2033E-002
 725.50,9.1889E-002
 726.00,9.1849E-002
 726.50,9.1675E-002
 727.00,9.0964E-002
 727.50,9.0056E-002
 728.00,8.8964E-002
 728.50,8.8031E-002
 729.00,8.7124E-002
 729.50,8.5914E-002
 730.00,8.4138E-002
 730.50,8.1977E-002
 731.00,7.9798E-002
 731.50,7.7309E-002
 732.00,7.4337E-002
 732.50,7.1115E-002
 733.00,6.7491E-002
 733.50,6.3441E-002
 734.00,5.8803E-002
 734.50,5.4056E-002
 735.00,4.9617E-002
 735.50,4.5706E-002
 736.00,4.2230E-002
 736.50,3.8965E-002
 737.00,3.6069E-002
 737.50,3.3870E-002
 738.00,3.2501E-002
 738.50,3.1796E-002
 739.00,3.1472E-002
 739.50,3.1369E-002
 740.00,3.1194E-002
 740.50,3.1105E-002
 741.00,3.1061E-002
 741.50,3.1114E-002
 742.00,3.1226E-002
 742.50,3.1621E-002
 743.00,3.2160E-002
 743.50,3.2850E-002
 744.00,3.3528E-002
 744.50,3.4328E-002
 745.00,3.5023E-002
 745.50,3.5477E-002
 746.00,3.5483E-002
 746.50,3.5140E-002
 747.00,3.4581E-002
 747.50,3.3984E-002
 748.00,3.3286E-002
 748.50,3.2889E-002
 749.00,3.2681E-002
 749.50,3.2988E-002
 750.00,3.3542E-002
 750.50,3.4499E-002
 751.00,3.5524E-002
 751.50,3.6562E-002
 752.00,3.7949E-002
 752.50,3.9736E-002
 753.00,4.1480E-002
 753.50,4.3135E-002
 754.00,4.4945E-002
 754.50,4.6939E-002
 755.00,4.8968E-002
 755.50,5.0976E-002
 756.00,5.3260E-002
 756.50,5.5413E-002
 757.00,5.7706E-002
 757.50,6.0011E-002
 758.00,6.2384E-002
 758.50,6.4530E-002
 759.00,6.6582E-002
 759.50,6.8695E-002
 760.00,7.0884E-002
 760.50,7.3142E-002
 761.00,7.5152E-002
 761.50,7.7202E-002
 762.00,7.9115E-002
 762.50,8.1100E-002
 763.00,8.2805E-002
 763.50,8.4465E-002
 764.00,8.5832E-002
 764.50,8.7330E-002
 765.00,8.8962E-002
 765.50,9.0732E-002
 766.00,9.2455E-002
 766.50,9.4327E-002
 767.00,9.5728E-002
 767.50,9.7395E-002
 768.00,9.8797E-002
 768.50,1.0026E-001
 769.00,1.0155E-001
 769.50,1.0284E-001
 770.00,1.0382E-001
 770.50,1.0477E-001
 771.00,1.0579E-001
 771.50,1.0677E-001
 772.00,1.0759E-001
 772.50,1.0867E-001
 773.00,1.0945E-001
 773.50,1.0993E-001
 774.00,1.0991E-001
 774.50,1.1041E-001
 775.00,1.1081E-001
 775.50,1.1109E-001
 776.00,1.1132E-001
 776.50,1.1168E-001
 777.00,1.1194E-001
 777.50,1.1184E-001
 778.00,1.1125E-001
 778.50,1.1069E-001
 779.00,1.1014E-001
 779.50,1.0996E-001
 780.00,1.0936E-001
 780.50,1.0807E-001
 781.00,1.0654E-001
 781.50,1.0464E-001
 782.00,1.0284E-001
 782.50,1.0107E-001
 783.00,9.9516E-002
 783.50,9.7725E-002
 784.00,9.5971E-002
 784.50,9.3916E-002
 785.00,9.1590E-002
 785.50,8.8882E-002
 786.00,8.6403E-002
 786.50,8.4405E-002
 787.00,8.2382E-002
 787.50,8.0225E-002
 788.00,7.7847E-002
 788.50,7.5464E-002
 789.00,7.2728E-002
 789.50,6.9900E-002
 790.00,6.7161E-002
 790.50,6.4703E-002
 791.00,6.2362E-002
 791.50,6.0126E-002
 792.00,5.7630E-002
 792.50,5.4816E-002
 793.00,5.2231E-002
 793.50,5.0335E-002
 794.00,4.8579E-002
 794.50,4.6816E-002
 795.00,4.5076E-002
 795.50,4.3329E-002
 796.00,4.1608E-002
 796.50,3.9889E-002
 797.00,3.8547E-002
 797.50,3.7367E-002
 798.00,3.6436E-002
 798.50,3.5254E-002
 799.00,3.4051E-002
 799.50,3.3226E-002
 800.00,3.2538E-002
 800.50,3.1790E-002
 801.00,3.1231E-002
 801.50,3.0833E-002
 802.00,3.0168E-002
 802.50,2.9347E-002
 803.00,2.8403E-002
 803.50,2.7186E-002
 804.00,2.5359E-002
 804.50,2.3260E-002
 805.00,2.1149E-002
 805.50,1.9266E-002
 806.00,1.7637E-002
 806.50,1.6702E-002
 807.00,1.6149E-002
 807.50,1.5753E-002
 808.00,1.5776E-002
 808.50,1.6206E-002
 809.00,1.7178E-002
 809.50,1.8205E-002
 810.00,1.9522E-002
 810.50,2.0932E-002
 811.00,2.2567E-002
 811.50,2.4150E-002
 812.00,2.5617E-002
 812.50,2.7108E-002
 813.00,2.8785E-002
 813.50,3.0710E-002
 814.00,3.2779E-002
 814.50,3.5023E-002
 815.00,3.7142E-002
 815.50,3.8831E-002
 816.00,4.0275E-002
 816.50,4.1694E-002
 817.00,4.3130E-002
 817.50,4.4284E-002
 818.00,4.5346E-002
 818.50,4.6393E-002
 819.00,4.7763E-002
 819.50,4.8978E-002
 820.00,4.9635E-002
 820.50,5.0151E-002
 821.00,5.1132E-002
 821.50,5.1970E-002
 822.00,5.2210E-002
 822.50,5.2613E-002
 823.00,5.3407E-002
 823.50,5.4230E-002
 824.00,5.5015E-002
 824.50,5.5571E-002
 825.00,5.5933E-002
 825.50,5.6319E-002
 826.00,5.6760E-002
 826.50,5.7133E-002
 827.00,5.7453E-002
 827.50,5.7670E-002
 828.00,5.8231E-002
 828.50,5.8867E-002
 829.00,5.9325E-002
 829.50,5.9982E-002
 830.00,6.0292E-002
 830.50,6.0400E-002
 831.00,6.0207E-002
 831.50,6.0320E-002
 832.00,6.0525E-002
 832.50,6.1005E-002
 833.00,6.1312E-002
 833.50,6.1455E-002
 834.00,6.1496E-002
 834.50,6.1534E-002
 835.00,6.1510E-002
 835.50,6.1678E-002
 836.00,6.2057E-002
 836.50,6.2090E-002
 837.00,6.1628E-002
 837.50,6.1580E-002
 838.00,6.1312E-002
 838.50,6.1261E-002
 839.00,6.1272E-002
 839.50,6.1201E-002
 840.00,6.0806E-002
 840.50,6.0411E-002
 841.00,6.0196E-002
 841.50,6.0040E-002
 842.00,5.9980E-002
 842.50,5.9654E-002
 843.00,5.9073E-002
 843.50,5.8426E-002
 844.00,5.7973E-002
 844.50,5.7762E-002
 845.00,5.7567E-002
 845.50,5.7428E-002
 846.00,5.7378E-002
 846.50,5.6937E-002
 847.00,5.6379E-002
 847.50,5.5763E-002
 848.00,5.5055E-002
 848.50,5.4349E-002
 849.00,5.3971E-002
 849.50,5.3704E-002
 850.00,5.3482E-002
 850.50,5.3023E-002
 851.00,5.2594E-002
 851.50,5.1895E-002
 852.00,5.1551E-002
 852.50,5.0993E-002
 853.00,5.0437E-002
 853.50,4.9607E-002
 854.00,4.9017E-002
 854.50,4.8426E-002
 855.00,4.7863E-002
 855.50,4.7208E-002
 856.00,4.6627E-002
 856.50,4.5826E-002
 857.00,4.5028E-002
 857.50,4.4470E-002
 858.00,4.3895E-002
 858.50,4.2934E-002
 859.00,4.2019E-002
 859.50,4.1181E-002
 860.00,4.0431E-002
 860.50,3.9877E-002
 861.00,3.9479E-002
 861.50,3.8705E-002
 862.00,3.7567E-002
 862.50,3.6786E-002
 863.00,3.6089E-002
 863.50,3.5487E-002
 864.00,3.4867E-002
 864.50,3.4223E-002
 865.00,3.3283E-002
 865.50,3.2416E-002
 866.00,3.1911E-002
 866.50,3.1493E-002
 867.00,3.1114E-002
 867.50,3.0991E-002
 868.00,3.0891E-002
 868.50,3.0610E-002
 869.00,3.0161E-002
 869.50,2.9660E-002
 870.00,2.9504E-002
 870.50,2.9331E-002
 871.00,2.8872E-002
 871.50,2.8347E-002
 872.00,2.7774E-002
 872.50,2.7263E-002
 873.00,2.6471E-002
 873.50,2.5765E-002
 874.00,2.5158E-002
 874.50,2.4700E-002
 875.00,2.4207E-002
 875.50,2.3513E-002
 876.00,2.2764E-002
 876.50,2.2164E-002
 877.00,2.1575E-002
 877.50,2.1191E-002
 878.00,2.0953E-002
 878.50,2.0298E-002
 879.00,1.9572E-002
 879.50,1.9372E-002
 880.00,1.9590E-002
 880.50,1.9734E-002
 881.00,1.9742E-002
 881.50,1.9661E-002
 882.00,1.9866E-002
 882.50,2.0117E-002
 883.00,2.0111E-002
 883.50,2.0393E-002
 884.00,2.0815E-002
 884.50,2.1163E-002
 885.00,2.1511E-002
 885.50,2.1567E-002
 886.00,2.1626E-002
 886.50,2.1866E-002
 887.00,2.2171E-002
 887.50,2.2179E-002
 888.00,2.2126E-002
 888.50,2.2278E-002
 889.00,2.2322E-002
 889.50,2.2358E-002
 890.00,2.2367E-002
 890.50,2.2245E-002
 891.00,2.2307E-002
 891.50,2.2515E-002
 892.00,2.2902E-002
 892.50,2.2948E-002
 893.00,2.2913E-002
 893.50,2.2676E-002
 894.00,2.2447E-002
 894.50,2.2478E-002
 895.00,2.2727E-002
 895.50,2.2719E-002
 896.00,2.2634E-002
 896.50,2.2556E-002
 897.00,2.2539E-002
 897.50,2.2570E-002
 898.00,2.2425E-002
 898.50,2.2193E-002
 899.00,2.2221E-002
 899.50,2.2066E-002

