wavelength,intensity
 273.00,0.0000E+000
 273.50,0.0000E+000
 274.00,0.0000E+000
 274.50,0.0000E+000
 275.00,0.0000E+000
 275.50,0.0000E+000
 276.00,0.0000E+000
 276.50,0.0000E+000
 277.00,0.0000E+000
 277.50,0.0000E+000
 278.00,0.0000E+000
 278.50,0.0000E+000
 279.00,0.0000E+000
 279.50,0.0000E+000
 280.00,0.0000E+000
 280.50,0.0000E+000
 281.00,0.0000E+000
 281.50,0.0000E+000
 282.00,0.0000E+000
 282.50,0.0000E+000
 283.00,0.0000E+000
 283.50,0.0000E+000
 284.00,0.0000E+000
 284.50,0.0000E+000
 285.00,0.0000E+000
 285.50,0.0000E+000
 286.00,0.0000E+000
 286.50,0.0000E+000
 287.00,0.0000E+000
 287.50,0.0000E+000
 288.00,0.0000E+000
 288.50,0.0000E+000
 289.00,0.0000E+000
 289.50,0.0000E+000
 290.00,0.0000E+000
 290.50,0.0000E+000
 291.00,0.0000E+000
 291.50,0.0000E+000
 292.00,0.0000E+000
 292.50,0.0000E+000
 293.00,0.0000E+000
 293.50,0.0000E+000
 294.00,0.0000E+000
 294.50,0.0000E+000
 295.00,0.0000E+000
 295.50,0.0000E+000
 296.00,0.0000E+000
 296.50,0.0000E+000
 297.00,0.0000E+000
 297.50,0.0000E+000
 298.00,0.0000E+000
 298.50,0.0000E+000
 299.00,0.0000E+000
 299.50,0.0000E+000
 300.00,0.0000E+000
 300.50,0.0000E+000
 301.00,0.0000E+000
 301.50,0.0000E+000
 302.00,0.0000E+000
 302.50,0.0000E+000
 303.00,0.0000E+000
 303.50,0.0000E+000
 304.00,0.0000E+000
 304.50,0.0000E+000
 305.00,0.0000E+000
 305.50,0.0000E+000
 306.00,0.0000E+000
 306.50,0.0000E+000
 307.00,0.0000E+000
 307.50,0.0000E+000
 308.00,0.0000E+000
 308.50,0.0000E+000
 309.00,0.0000E+000
 309.50,0.0000E+000
 310.00,0.0000E+000
 310.50,0.0000E+000
 311.00,0.0000E+000
 311.50,0.0000E+000
 312.00,0.0000E+000
 312.50,0.0000E+000
 313.00,0.0000E+000
 313.50,0.0000E+000
 314.00,0.0000E+000
 314.50,0.0000E+000
 315.00,0.0000E+000
 315.50,0.0000E+000
 316.00,0.0000E+000
 316.50,0.0000E+000
 317.00,0.0000E+000
 317.50,0.0000E+000
 318.00,0.0000E+000
 318.50,0.0000E+000
 319.00,0.0000E+000
 319.50,0.0000E+000
 320.00,0.0000E+000
 320.50,0.0000E+000
 321.00,0.0000E+000
 321.50,0.0000E+000
 322.00,0.0000E+000
 322.50,0.0000E+000
 323.00,0.0000E+000
 323.50,0.0000E+000
 324.00,0.0000E+000
 324.50,0.0000E+000
 325.00,0.0000E+000
 325.50,0.0000E+000
 326.00,0.0000E+000
 326.50,0.0000E+000
 327.00,0.0000E+000
 327.50,0.0000E+000
 328.00,0.0000E+000
 328.50,0.0000E+000
 329.00,0.0000E+000
 329.50,0.0000E+000
 330.00,0.0000E+000
 330.50,0.0000E+000
 331.00,0.0000E+000
 331.50,0.0000E+000
 332.00,0.0000E+000
 332.50,0.0000E+000
 333.00,0.0000E+000
 333.50,0.0000E+000
 334.00,0.0000E+000
 334.50,0.0000E+000
 335.00,0.0000E+000
 335.50,0.0000E+000
 336.00,0.0000E+000
 336.50,0.0000E+000
 337.00,0.0000E+000
 337.50,0.0000E+000
 338.00,0.0000E+000
 338.50,0.0000E+000
 339.00,0.0000E+000
 339.50,0.0000E+000
 340.00,0.0000E+000
 340.50,0.0000E+000
 341.00,0.0000E+000
 341.50,0.0000E+000
 342.00,0.0000E+000
 342.50,0.0000E+000
 343.00,0.0000E+000
 343.50,0.0000E+000
 344.00,0.0000E+000
 344.50,0.0000E+000
 345.00,0.0000E+000
 345.50,0.0000E+000
 346.00,0.0000E+000
 346.50,0.0000E+000
 347.00,0.0000E+000
 347.50,0.0000E+000
 348.00,0.0000E+000
 348.50,0.0000E+000
 349.00,0.0000E+000
 349.50,0.0000E+000
 350.00,0.0000E+000
 350.50,0.0000E+000
 351.00,0.0000E+000
 351.50,0.0000E+000
 352.00,0.0000E+000
 352.50,0.0000E+000
 353.00,0.0000E+000
 353.50,0.0000E+000
 354.00,0.0000E+000
 354.50,0.0000E+000
 355.00,0.0000E+000
 355.50,0.0000E+000
 356.00,0.0000E+000
 356.50,0.0000E+000
 357.00,0.0000E+000
 357.50,0.0000E+000
 358.00,0.0000E+000
 358.50,0.0000E+000
 359.00,0.0000E+000
 359.50,0.0000E+000
 360.00,0.0000E+000
 360.50,0.0000E+000
 361.00,0.0000E+000
 361.50,0.0000E+000
 362.00,0.0000E+000
 362.50,0.0000E+000
 363.00,0.0000E+000
 363.50,0.0000E+000
 364.00,0.0000E+000
 364.50,0.0000E+000
 365.00,0.0000E+000
 365.50,0.0000E+000
 366.00,0.0000E+000
 366.50,0.0000E+000
 367.00,0.0000E+000
 367.50,0.0000E+000
 368.00,0.0000E+000
 368.50,0.0000E+000
 369.00,0.0000E+000
 369.50,0.0000E+000
 370.00,0.0000E+000
 370.50,0.0000E+000
 371.00,0.0000E+000
 371.50,0.0000E+000
 372.00,0.0000E+000
 372.50,0.0000E+000
 373.00,0.0000E+000
 373.50,0.0000E+000
 374.00,0.0000E+000
 374.50,0.0000E+000
 375.00,0.0000E+000
 375.50,0.0000E+000
 376.00,0.0000E+000
 376.50,0.0000E+000
 377.00,0.0000E+000
 377.50,0.0000E+000
 378.00,0.0000E+000
 378.50,0.0000E+000
 379.00,0.0000E+000
 379.50,0.0000E+000
 380.00,0.0000E+000
 380.50,0.0000E+000
 381.00,0.0000E+000
 381.50,0.0000E+000
 382.00,0.0000E+000
 382.50,0.0000E+000
 383.00,0.0000E+000
 383.50,0.0000E+000
 384.00,0.0000E+000
 384.50,0.0000E+000
 385.00,0.0000E+000
 385.50,0.0000E+000
 386.00,0.0000E+000
 386.50,0.0000E+000
 387.00,0.0000E+000
 387.50,0.0000E+000
 388.00,0.0000E+000
 388.50,0.0000E+000
 389.00,0.0000E+000
 389.50,0.0000E+000
 390.00,0.0000E+000
 390.50,0.0000E+000
 391.00,0.0000E+000
 391.50,0.0000E+000
 392.00,0.0000E+000
 392.50,0.0000E+000
 393.00,0.0000E+000
 393.50,0.0000E+000
 394.00,0.0000E+000
 394.50,0.0000E+000
 395.00,0.0000E+000
 395.50,0.0000E+000
 396.00,0.0000E+000
 396.50,0.0000E+000
 397.00,0.0000E+000
 397.50,0.0000E+000
 398.00,0.0000E+000
 398.50,0.0000E+000
 399.00,0.0000E+000
 399.50,0.0000E+000
 400.00,0.0000E+000
 400.50,0.0000E+000
 401.00,0.0000E+000
 401.50,0.0000E+000
 402.00,0.0000E+000
 402.50,0.0000E+000
 403.00,0.0000E+000
 403.50,0.0000E+000
 404.00,0.0000E+000
 404.50,0.0000E+000
 405.00,0.0000E+000
 405.50,0.0000E+000
 406.00,0.0000E+000
 406.50,0.0000E+000
 407.00,0.0000E+000
 407.50,0.0000E+000
 408.00,0.0000E+000
 408.50,0.0000E+000
 409.00,0.0000E+000
 409.50,0.0000E+000
 410.00,0.0000E+000
 410.50,0.0000E+000
 411.00,0.0000E+000
 411.50,0.0000E+000
 412.00,0.0000E+000
 412.50,0.0000E+000
 413.00,0.0000E+000
 413.50,0.0000E+000
 414.00,0.0000E+000
 414.50,0.0000E+000
 415.00,0.0000E+000
 415.50,0.0000E+000
 416.00,0.0000E+000
 416.50,0.0000E+000
 417.00,0.0000E+000
 417.50,0.0000E+000
 418.00,0.0000E+000
 418.50,0.0000E+000
 419.00,0.0000E+000
 419.50,0.0000E+000
 420.00,0.0000E+000
 420.50,0.0000E+000
 421.00,0.0000E+000
 421.50,0.0000E+000
 422.00,0.0000E+000
 422.50,0.0000E+000
 423.00,0.0000E+000
 423.50,0.0000E+000
 424.00,0.0000E+000
 424.50,0.0000E+000
 425.00,0.0000E+000
 425.50,0.0000E+000
 426.00,0.0000E+000
 426.50,0.0000E+000
 427.00,0.0000E+000
 427.50,0.0000E+000
 428.00,0.0000E+000
 428.50,0.0000E+000
 429.00,0.0000E+000
 429.50,0.0000E+000
 430.00,0.0000E+000
 430.50,0.0000E+000
 431.00,0.0000E+000
 431.50,0.0000E+000
 432.00,0.0000E+000
 432.50,0.0000E+000
 433.00,0.0000E+000
 433.50,0.0000E+000
 434.00,0.0000E+000
 434.50,0.0000E+000
 435.00,0.0000E+000
 435.50,0.0000E+000
 436.00,0.0000E+000
 436.50,0.0000E+000
 437.00,0.0000E+000
 437.50,0.0000E+000
 438.00,0.0000E+000
 438.50,0.0000E+000
 439.00,0.0000E+000
 439.50,0.0000E+000
 440.00,0.0000E+000
 440.50,0.0000E+000
 441.00,0.0000E+000
 441.50,0.0000E+000
 442.00,0.0000E+000
 442.50,0.0000E+000
 443.00,0.0000E+000
 443.50,0.0000E+000
 444.00,0.0000E+000
 444.50,0.0000E+000
 445.00,0.0000E+000
 445.50,0.0000E+000
 446.00,0.0000E+000
 446.50,0.0000E+000
 447.00,0.0000E+000
 447.50,0.0000E+000
 448.00,0.0000E+000
 448.50,0.0000E+000
 449.00,0.0000E+000
 449.50,0.0000E+000
 450.00,0.0000E+000
 450.50,0.0000E+000
 451.00,0.0000E+000
 451.50,0.0000E+000
 452.00,0.0000E+000
 452.50,0.0000E+000
 453.00,0.0000E+000
 453.50,0.0000E+000
 454.00,0.0000E+000
 454.50,0.0000E+000
 455.00,0.0000E+000
 455.50,0.0000E+000
 456.00,0.0000E+000
 456.50,0.0000E+000
 457.00,0.0000E+000
 457.50,0.0000E+000
 458.00,0.0000E+000
 458.50,0.0000E+000
 459.00,0.0000E+000
 459.50,0.0000E+000
 460.00,0.0000E+000
 460.50,0.0000E+000
 461.00,0.0000E+000
 461.50,0.0000E+000
 462.00,0.0000E+000
 462.50,0.0000E+000
 463.00,0.0000E+000
 463.50,0.0000E+000
 464.00,0.0000E+000
 464.50,0.0000E+000
 465.00,0.0000E+000
 465.50,0.0000E+000
 466.00,0.0000E+000
 466.50,0.0000E+000
 467.00,0.0000E+000
 467.50,0.0000E+000
 468.00,0.0000E+000
 468.50,0.0000E+000
 469.00,0.0000E+000
 469.50,0.0000E+000
 470.00,0.0000E+000
 470.50,0.0000E+000
 471.00,0.0000E+000
 471.50,0.0000E+000
 472.00,0.0000E+000
 472.50,0.0000E+000
 473.00,0.0000E+000
 473.50,0.0000E+000
 474.00,0.0000E+000
 474.50,0.0000E+000
 475.00,0.0000E+000
 475.50,0.0000E+000
 476.00,0.0000E+000
 476.50,0.0000E+000
 477.00,0.0000E+000
 477.50,0.0000E+000
 478.00,0.0000E+000
 478.50,0.0000E+000
 479.00,0.0000E+000
 479.50,0.0000E+000
 480.00,0.0000E+000
 480.50,0.0000E+000
 481.00,0.0000E+000
 481.50,0.0000E+000
 482.00,0.0000E+000
 482.50,0.0000E+000
 483.00,0.0000E+000
 483.50,0.0000E+000
 484.00,0.0000E+000
 484.50,0.0000E+000
 485.00,0.0000E+000
 485.50,0.0000E+000
 486.00,0.0000E+000
 486.50,0.0000E+000
 487.00,0.0000E+000
 487.50,0.0000E+000
 488.00,0.0000E+000
 488.50,0.0000E+000
 489.00,0.0000E+000
 489.50,0.0000E+000
 490.00,0.0000E+000
 490.50,0.0000E+000
 491.00,0.0000E+000
 491.50,0.0000E+000
 492.00,0.0000E+000
 492.50,0.0000E+000
 493.00,0.0000E+000
 493.50,0.0000E+000
 494.00,0.0000E+000
 494.50,0.0000E+000
 495.00,0.0000E+000
 495.50,0.0000E+000
 496.00,0.0000E+000
 496.50,0.0000E+000
 497.00,0.0000E+000
 497.50,0.0000E+000
 498.00,0.0000E+000
 498.50,0.0000E+000
 499.00,0.0000E+000
 499.50,0.0000E+000
 500.00,0.0000E+000
 500.50,0.0000E+000
 501.00,0.0000E+000
 501.50,0.0000E+000
 502.00,0.0000E+000
 502.50,0.0000E+000
 503.00,0.0000E+000
 503.50,0.0000E+000
 504.00,0.0000E+000
 504.50,0.0000E+000
 505.00,0.0000E+000
 505.50,0.0000E+000
 506.00,0.0000E+000
 506.50,0.0000E+000
 507.00,0.0000E+000
 507.50,0.0000E+000
 508.00,0.0000E+000
 508.50,0.0000E+000
 509.00,0.0000E+000
 509.50,0.0000E+000
 510.00,0.0000E+000
 510.50,0.0000E+000
 511.00,0.0000E+000
 511.50,0.0000E+000
 512.00,0.0000E+000
 512.50,0.0000E+000
 513.00,0.0000E+000
 513.50,0.0000E+000
 514.00,0.0000E+000
 514.50,0.0000E+000
 515.00,0.0000E+000
 515.50,0.0000E+000
 516.00,0.0000E+000
 516.50,0.0000E+000
 517.00,0.0000E+000
 517.50,0.0000E+000
 518.00,0.0000E+000
 518.50,0.0000E+000
 519.00,0.0000E+000
 519.50,0.0000E+000
 520.00,0.0000E+000
 520.50,0.0000E+000
 521.00,0.0000E+000
 521.50,0.0000E+000
 522.00,0.0000E+000
 522.50,0.0000E+000
 523.00,0.0000E+000
 523.50,0.0000E+000
 524.00,0.0000E+000
 524.50,0.0000E+000
 525.00,0.0000E+000
 525.50,0.0000E+000
 526.00,0.0000E+000
 526.50,0.0000E+000
 527.00,0.0000E+000
 527.50,0.0000E+000
 528.00,0.0000E+000
 528.50,0.0000E+000
 529.00,0.0000E+000
 529.50,0.0000E+000
 530.00,0.0000E+000
 530.50,0.0000E+000
 531.00,0.0000E+000
 531.50,0.0000E+000
 532.00,0.0000E+000
 532.50,0.0000E+000
 533.00,0.0000E+000
 533.50,0.0000E+000
 534.00,0.0000E+000
 534.50,0.0000E+000
 535.00,0.0000E+000
 535.50,0.0000E+000
 536.00,0.0000E+000
 536.50,0.0000E+000
 537.00,0.0000E+000
 537.50,0.0000E+000
 538.00,0.0000E+000
 538.50,0.0000E+000
 539.00,0.0000E+000
 539.50,0.0000E+000
 540.00,0.0000E+000
 540.50,0.0000E+000
 541.00,0.0000E+000
 541.50,0.0000E+000
 542.00,0.0000E+000
 542.50,0.0000E+000
 543.00,0.0000E+000
 543.50,0.0000E+000
 544.00,0.0000E+000
 544.50,0.0000E+000
 545.00,0.0000E+000
 545.50,0.0000E+000
 546.00,0.0000E+000
 546.50,0.0000E+000
 547.00,0.0000E+000
 547.50,0.0000E+000
 548.00,0.0000E+000
 548.50,0.0000E+000
 549.00,0.0000E+000
 549.50,0.0000E+000
 550.00,0.0000E+000
 550.50,0.0000E+000
 551.00,0.0000E+000
 551.50,0.0000E+000
 552.00,0.0000E+000
 552.50,0.0000E+000
 553.00,0.0000E+000
 553.50,0.0000E+000
 554.00,0.0000E+000
 554.50,0.0000E+000
 555.00,0.0000E+000
 555.50,0.0000E+000
 556.00,0.0000E+000
 556.50,0.0000E+000
 557.00,0.0000E+000
 557.50,0.0000E+000
 558.00,0.0000E+000
 558.50,0.0000E+000
 559.00,0.0000E+000
 559.50,0.0000E+000
 560.00,0.0000E+000
 560.50,0.0000E+000
 561.00,0.0000E+000
 561.50,0.0000E+000
 562.00,0.0000E+000
 562.50,0.0000E+000
 563.00,0.0000E+000
 563.50,0.0000E+000
 564.00,0.0000E+000
 564.50,0.0000E+000
 565.00,0.0000E+000
 565.50,0.0000E+000
 566.00,0.0000E+000
 566.50,0.0000E+000
 567.00,0.0000E+000
 567.50,0.0000E+000
 568.00,0.0000E+000
 568.50,0.0000E+000
 569.00,0.0000E+000
 569.50,0.0000E+000
 570.00,0.0000E+000
 570.50,0.0000E+000
 571.00,0.0000E+000
 571.50,0.0000E+000
 572.00,0.0000E+000
 572.50,0.0000E+000
 573.00,0.0000E+000
 573.50,0.0000E+000
 574.00,0.0000E+000
 574.50,0.0000E+000
 575.00,0.0000E+000
 575.50,0.0000E+000
 576.00,0.0000E+000
 576.50,0.0000E+000
 577.00,0.0000E+000
 577.50,0.0000E+000
 578.00,0.0000E+000
 578.50,0.0000E+000
 579.00,0.0000E+000
 579.50,0.0000E+000
 580.00,0.0000E+000
 580.50,0.0000E+000
 581.00,0.0000E+000
 581.50,0.0000E+000
 582.00,0.0000E+000
 582.50,0.0000E+000
 583.00,0.0000E+000
 583.50,0.0000E+000
 584.00,0.0000E+000
 584.50,0.0000E+000
 585.00,0.0000E+000
 585.50,0.0000E+000
 586.00,0.0000E+000
 586.50,0.0000E+000
 587.00,0.0000E+000
 587.50,0.0000E+000
 588.00,0.0000E+000
 588.50,0.0000E+000
 589.00,0.0000E+000
 589.50,0.0000E+000
 590.00,0.0000E+000
 590.50,0.0000E+000
 591.00,0.0000E+000
 591.50,0.0000E+000
 592.00,0.0000E+000
 592.50,0.0000E+000
 593.00,0.0000E+000
 593.50,0.0000E+000
 594.00,0.0000E+000
 594.50,0.0000E+000
 595.00,0.0000E+000
 595.50,0.0000E+000
 596.00,0.0000E+000
 596.50,0.0000E+000
 597.00,0.0000E+000
 597.50,0.0000E+000
 598.00,0.0000E+000
 598.50,0.0000E+000
 599.00,0.0000E+000
 599.50,0.0000E+000
 600.00,0.0000E+000
 600.50,0.0000E+000
 601.00,0.0000E+000
 601.50,0.0000E+000
 602.00,0.0000E+000
 602.50,0.0000E+000
 603.00,0.0000E+000
 603.50,0.0000E+000
 604.00,0.0000E+000
 604.50,0.0000E+000
 605.00,0.0000E+000
 605.50,0.0000E+000
 606.00,0.0000E+000
 606.50,0.0000E+000
 607.00,0.0000E+000
 607.50,0.0000E+000
 608.00,0.0000E+000
 608.50,0.0000E+000
 609.00,0.0000E+000
 609.50,0.0000E+000
 610.00,0.0000E+000
 610.50,0.0000E+000
 611.00,0.0000E+000
 611.50,0.0000E+000
 612.00,0.0000E+000
 612.50,0.0000E+000
 613.00,0.0000E+000
 613.50,0.0000E+000
 614.00,0.0000E+000
 614.50,0.0000E+000
 615.00,0.0000E+000
 615.50,0.0000E+000
 616.00,0.0000E+000
 616.50,0.0000E+000
 617.00,0.0000E+000
 617.50,0.0000E+000
 618.00,0.0000E+000
 618.50,0.0000E+000
 619.00,0.0000E+000
 619.50,0.0000E+000
 620.00,0.0000E+000
 620.50,0.0000E+000
 621.00,0.0000E+000
 621.50,0.0000E+000
 622.00,0.0000E+000
 622.50,0.0000E+000
 623.00,0.0000E+000
 623.50,9.5798E-006
 624.00,2.0474E-005
 624.50,2.0660E-005
 625.00,8.3437E-006
 625.50,0.0000E+000
 626.00,0.0000E+000
 626.50,0.0000E+000
 627.00,0.0000E+000
 627.50,0.0000E+000
 628.00,1.8856E-006
 628.50,1.6351E-005
 629.00,0.0000E+000
 629.50,1.8835E-006
 630.00,4.8430E-006
 630.50,3.7054E-005
 631.00,2.9626E-005
 631.50,6.0387E-006
 632.00,1.7796E-005
 632.50,2.4605E-006
 633.00,0.0000E+000
 633.50,0.0000E+000
 634.00,0.0000E+000
 634.50,0.0000E+000
 635.00,0.0000E+000
 635.50,0.0000E+000
 636.00,0.0000E+000
 636.50,0.0000E+000
 637.00,0.0000E+000
 637.50,0.0000E+000
 638.00,0.0000E+000
 638.50,2.7230E-005
 639.00,1.6028E-004
 639.50,2.9695E-004
 640.00,3.5093E-004
 640.50,3.4293E-004
 641.00,2.9317E-004
 641.50,2.4629E-004
 642.00,1.8575E-004
 642.50,1.2236E-004
 643.00,5.1749E-005
 643.50,2.9123E-005
 644.00,7.0312E-006
 644.50,8.8463E-006
 645.00,5.2366E-005
 645.50,1.1475E-004
 646.00,1.3356E-004
 646.50,1.2818E-004
 647.00,8.2531E-005
 647.50,9.4496E-005
 648.00,1.2389E-004
 648.50,1.9801E-004
 649.00,3.1204E-004
 649.50,3.1317E-004
 650.00,3.5250E-004
 650.50,3.5015E-004
 651.00,3.9463E-004
 651.50,4.3041E-004
 652.00,4.4383E-004
 652.50,4.8817E-004
 653.00,5.2578E-004
 653.50,5.5932E-004
 654.00,5.8396E-004
 654.50,5.7492E-004
 655.00,6.3107E-004
 655.50,7.0576E-004
 656.00,8.0887E-004
 656.50,8.8581E-004
 657.00,9.0083E-004
 657.50,9.2263E-004
 658.00,9.0922E-004
 658.50,9.7332E-004
 659.00,9.4531E-004
 659.50,8.2780E-004
 660.00,6.8125E-004
 660.50,5.7406E-004
 661.00,5.1695E-004
 661.50,4.9323E-004
 662.00,4.4127E-004
 662.50,4.2383E-004
 663.00,3.7748E-004
 663.50,3.5956E-004
 664.00,3.0347E-004
 664.50,2.4347E-004
 665.00,1.9118E-004
 665.50,1.9334E-004
 666.00,1.0819E-004
 666.50,2.0538E-005
 667.00,0.0000E+000
 667.50,0.0000E+000
 668.00,0.0000E+000
 668.50,0.0000E+000
 669.00,0.0000E+000
 669.50,0.0000E+000
 670.00,0.0000E+000
 670.50,0.0000E+000
 671.00,0.0000E+000
 671.50,0.0000E+000
 672.00,0.0000E+000
 672.50,0.0000E+000
 673.00,0.0000E+000
 673.50,0.0000E+000
 674.00,0.0000E+000
 674.50,0.0000E+000
 675.00,0.0000E+000
 675.50,0.0000E+000
 676.00,0.0000E+000
 676.50,0.0000E+000
 677.00,0.0000E+000
 677.50,0.0000E+000
 678.00,0.0000E+000
 678.50,0.0000E+000
 679.00,0.0000E+000
 679.50,0.0000E+000
 680.00,0.0000E+000
 680.50,0.0000E+000
 681.00,0.0000E+000
 681.50,0.0000E+000
 682.00,0.0000E+000
 682.50,0.0000E+000
 683.00,0.0000E+000
 683.50,0.0000E+000
 684.00,0.0000E+000
 684.50,0.0000E+000
 685.00,0.0000E+000
 685.50,0.0000E+000
 686.00,0.0000E+000
 686.50,0.0000E+000
 687.00,0.0000E+000
 687.50,0.0000E+000
 688.00,0.0000E+000
 688.50,0.0000E+000
 689.00,0.0000E+000
 689.50,0.0000E+000
 690.00,0.0000E+000
 690.50,0.0000E+000
 691.00,0.0000E+000
 691.50,0.0000E+000
 692.00,0.0000E+000
 692.50,0.0000E+000
 693.00,0.0000E+000
 693.50,0.0000E+000
 694.00,0.0000E+000
 694.50,0.0000E+000
 695.00,0.0000E+000
 695.50,0.0000E+000
 696.00,0.0000E+000
 696.50,0.0000E+000
 697.00,0.0000E+000
 697.50,0.0000E+000
 698.00,0.0000E+000
 698.50,0.0000E+000
 699.00,0.0000E+000
 699.50,0.0000E+000
 700.00,0.0000E+000
 700.50,0.0000E+000
 701.00,0.0000E+000
 701.50,0.0000E+000
 702.00,0.0000E+000
 702.50,0.0000E+000
 703.00,0.0000E+000
 703.50,0.0000E+000
 704.00,0.0000E+000
 704.50,0.0000E+000
 705.00,0.0000E+000
 705.50,0.0000E+000
 706.00,0.0000E+000
 706.50,0.0000E+000
 707.00,0.0000E+000
 707.50,0.0000E+000
 708.00,0.0000E+000
 708.50,0.0000E+000
 709.00,0.0000E+000
 709.50,0.0000E+000
 710.00,0.0000E+000
 710.50,0.0000E+000
 711.00,0.0000E+000
 711.50,0.0000E+000
 712.00,0.0000E+000
 712.50,0.0000E+000
 713.00,0.0000E+000
 713.50,0.0000E+000
 714.00,0.0000E+000
 714.50,0.0000E+000
 715.00,0.0000E+000
 715.50,0.0000E+000
 716.00,0.0000E+000
 716.50,0.0000E+000
 717.00,0.0000E+000
 717.50,0.0000E+000
 718.00,0.0000E+000
 718.50,0.0000E+000
 719.00,0.0000E+000
 719.50,0.0000E+000
 720.00,0.0000E+000
 720.50,0.0000E+000
 721.00,0.0000E+000
 721.50,0.0000E+000
 722.00,0.0000E+000
 722.50,0.0000E+000
 723.00,0.0000E+000
 723.50,0.0000E+000
 724.00,0.0000E+000
 724.50,0.0000E+000
 725.00,0.0000E+000
 725.50,0.0000E+000
 726.00,0.0000E+000
 726.50,0.0000E+000
 727.00,0.0000E+000
 727.50,0.0000E+000
 728.00,0.0000E+000
 728.50,0.0000E+000
 729.00,0.0000E+000
 729.50,0.0000E+000
 730.00,0.0000E+000
 730.50,0.0000E+000
 731.00,0.0000E+000
 731.50,0.0000E+000
 732.00,0.0000E+000
 732.50,0.0000E+000
 733.00,0.0000E+000
 733.50,0.0000E+000
 734.00,0.0000E+000
 734.50,0.0000E+000
 735.00,0.0000E+000
 735.50,0.0000E+000
 736.00,0.0000E+000
 736.50,0.0000E+000
 737.00,0.0000E+000
 737.50,0.0000E+000
 738.00,0.0000E+000
 738.50,0.0000E+000
 739.00,0.0000E+000
 739.50,0.0000E+000
 740.00,0.0000E+000
 740.50,0.0000E+000
 741.00,0.0000E+000
 741.50,0.0000E+000
 742.00,0.0000E+000
 742.50,0.0000E+000
 743.00,0.0000E+000
 743.50,0.0000E+000
 744.00,0.0000E+000
 744.50,0.0000E+000
 745.00,0.0000E+000
 745.50,0.0000E+000
 746.00,0.0000E+000
 746.50,0.0000E+000
 747.00,0.0000E+000
 747.50,0.0000E+000
 748.00,0.0000E+000
 748.50,0.0000E+000
 749.00,0.0000E+000
 749.50,0.0000E+000
 750.00,0.0000E+000
 750.50,0.0000E+000
 751.00,0.0000E+000
 751.50,0.0000E+000
 752.00,0.0000E+000
 752.50,0.0000E+000
 753.00,0.0000E+000
 753.50,0.0000E+000
 754.00,0.0000E+000
 754.50,0.0000E+000
 755.00,0.0000E+000
 755.50,0.0000E+000
 756.00,0.0000E+000
 756.50,0.0000E+000
 757.00,0.0000E+000
 757.50,0.0000E+000
 758.00,0.0000E+000
 758.50,0.0000E+000
 759.00,0.0000E+000
 759.50,0.0000E+000
 760.00,0.0000E+000
 760.50,0.0000E+000
 761.00,0.0000E+000
 761.50,0.0000E+000
 762.00,0.0000E+000
 762.50,0.0000E+000
 763.00,0.0000E+000
 763.50,0.0000E+000
 764.00,0.0000E+000
 764.50,0.0000E+000
 765.00,0.0000E+000
 765.50,0.0000E+000
 766.00,0.0000E+000
 766.50,0.0000E+000
 767.00,0.0000E+000
 767.50,0.0000E+000
 768.00,0.0000E+000
 768.50,0.0000E+000
 769.00,0.0000E+000
 769.50,0.0000E+000
 770.00,0.0000E+000
 770.50,0.0000E+000
 771.00,0.0000E+000
 771.50,0.0000E+000
 772.00,0.0000E+000
 772.50,0.0000E+000
 773.00,0.0000E+000
 773.50,0.0000E+000
 774.00,0.0000E+000
 774.50,0.0000E+000
 775.00,0.0000E+000
 775.50,0.0000E+000
 776.00,0.0000E+000
 776.50,0.0000E+000
 777.00,0.0000E+000
 777.50,0.0000E+000
 778.00,0.0000E+000
 778.50,0.0000E+000
 779.00,0.0000E+000
 779.50,0.0000E+000
 780.00,0.0000E+000
 780.50,0.0000E+000
 781.00,0.0000E+000
 781.50,0.0000E+000
 782.00,0.0000E+000
 782.50,0.0000E+000
 783.00,0.0000E+000
 783.50,0.0000E+000
 784.00,0.0000E+000
 784.50,0.0000E+000
 785.00,0.0000E+000
 785.50,0.0000E+000
 786.00,0.0000E+000
 786.50,0.0000E+000
 787.00,0.0000E+000
 787.50,0.0000E+000
 788.00,0.0000E+000
 788.50,0.0000E+000
 789.00,0.0000E+000
 789.50,0.0000E+000
 790.00,0.0000E+000
 790.50,0.0000E+000
 791.00,0.0000E+000
 791.50,0.0000E+000
 792.00,0.0000E+000
 792.50,0.0000E+000
 793.00,0.0000E+000
 793.50,0.0000E+000
 794.00,0.0000E+000
 794.50,0.0000E+000
 795.00,0.0000E+000
 795.50,0.0000E+000
 796.00,0.0000E+000
 796.50,0.0000E+000
 797.00,0.0000E+000
 797.50,0.0000E+000
 798.00,0.0000E+000
 798.50,0.0000E+000
 799.00,0.0000E+000
 799.50,0.0000E+000
 800.00,0.0000E+000
 800.50,0.0000E+000
 801.00,0.0000E+000
 801.50,0.0000E+000
 802.00,0.0000E+000
 802.50,0.0000E+000
 803.00,0.0000E+000
 803.50,0.0000E+000
 804.00,0.0000E+000
 804.50,0.0000E+000
 805.00,0.0000E+000
 805.50,0.0000E+000
 806.00,0.0000E+000
 806.50,0.0000E+000
 807.00,0.0000E+000
 807.50,0.0000E+000
 808.00,0.0000E+000
 808.50,0.0000E+000
 809.00,0.0000E+000
 809.50,0.0000E+000
 810.00,0.0000E+000
 810.50,0.0000E+000
 811.00,0.0000E+000
 811.50,0.0000E+000
 812.00,0.0000E+000
 812.50,0.0000E+000
 813.00,0.0000E+000
 813.50,0.0000E+000
 814.00,0.0000E+000
 814.50,0.0000E+000
 815.00,0.0000E+000
 815.50,0.0000E+000
 816.00,0.0000E+000
 816.50,0.0000E+000
 817.00,0.0000E+000
 817.50,0.0000E+000
 818.00,0.0000E+000
 818.50,0.0000E+000
 819.00,0.0000E+000
 819.50,0.0000E+000
 820.00,0.0000E+000
 820.50,0.0000E+000
 821.00,0.0000E+000
 821.50,0.0000E+000
 822.00,0.0000E+000
 822.50,0.0000E+000
 823.00,0.0000E+000
 823.50,0.0000E+000
 824.00,0.0000E+000
 824.50,0.0000E+000
 825.00,0.0000E+000
 825.50,0.0000E+000
 826.00,0.0000E+000
 826.50,0.0000E+000
 827.00,0.0000E+000
 827.50,0.0000E+000
 828.00,0.0000E+000
 828.50,0.0000E+000
 829.00,0.0000E+000
 829.50,0.0000E+000
 830.00,0.0000E+000
 830.50,0.0000E+000
 831.00,0.0000E+000
 831.50,0.0000E+000
 832.00,0.0000E+000
 832.50,0.0000E+000
 833.00,0.0000E+000
 833.50,0.0000E+000
 834.00,0.0000E+000
 834.50,0.0000E+000
 835.00,0.0000E+000
 835.50,0.0000E+000
 836.00,0.0000E+000
 836.50,0.0000E+000
 837.00,0.0000E+000
 837.50,0.0000E+000
 838.00,0.0000E+000
 838.50,0.0000E+000
 839.00,0.0000E+000
 839.50,0.0000E+000
 840.00,0.0000E+000
 840.50,0.0000E+000
 841.00,0.0000E+000
 841.50,0.0000E+000
 842.00,0.0000E+000
 842.50,0.0000E+000
 843.00,0.0000E+000
 843.50,0.0000E+000
 844.00,0.0000E+000
 844.50,0.0000E+000
 845.00,0.0000E+000
 845.50,0.0000E+000
 846.00,0.0000E+000
 846.50,0.0000E+000
 847.00,0.0000E+000
 847.50,0.0000E+000
 848.00,0.0000E+000
 848.50,0.0000E+000
 849.00,0.0000E+000
 849.50,0.0000E+000
 850.00,0.0000E+000
 850.50,0.0000E+000
 851.00,0.0000E+000
 851.50,0.0000E+000
 852.00,0.0000E+000
 852.50,0.0000E+000
 853.00,0.0000E+000
 853.50,0.0000E+000
 854.00,0.0000E+000
 854.50,0.0000E+000
 855.00,0.0000E+000
 855.50,0.0000E+000
 856.00,0.0000E+000
 856.50,0.0000E+000
 857.00,0.0000E+000
 857.50,0.0000E+000
 858.00,0.0000E+000
 858.50,0.0000E+000
 859.00,0.0000E+000
 859.50,0.0000E+000
 860.00,0.0000E+000
 860.50,0.0000E+000
 861.00,0.0000E+000
 861.50,0.0000E+000
 862.00,0.0000E+000
 862.50,0.0000E+000
 863.00,0.0000E+000
 863.50,0.0000E+000
 864.00,0.0000E+000
 864.50,0.0000E+000
 865.00,0.0000E+000
 865.50,0.0000E+000
 866.00,0.0000E+000
 866.50,0.0000E+000
 867.00,0.0000E+000
 867.50,0.0000E+000
 868.00,0.0000E+000
 868.50,0.0000E+000
 869.00,0.0000E+000
 869.50,0.0000E+000
 870.00,0.0000E+000
 870.50,0.0000E+000
 871.00,0.0000E+000
 871.50,0.0000E+000
 872.00,0.0000E+000
 872.50,0.0000E+000
 873.00,0.0000E+000
 873.50,0.0000E+000
 874.00,0.0000E+000
 874.50,0.0000E+000
 875.00,0.0000E+000
 875.50,0.0000E+000
 876.00,0.0000E+000
 876.50,0.0000E+000
 877.00,0.0000E+000
 877.50,0.0000E+000
 878.00,0.0000E+000
 878.50,0.0000E+000
 879.00,0.0000E+000
 879.50,0.0000E+000
 880.00,0.0000E+000
 880.50,0.0000E+000
 881.00,0.0000E+000
 881.50,0.0000E+000
 882.00,0.0000E+000
 882.50,0.0000E+000
 883.00,0.0000E+000
 883.50,0.0000E+000
 884.00,0.0000E+000
 884.50,0.0000E+000
 885.00,0.0000E+000
 885.50,0.0000E+000
 886.00,0.0000E+000
 886.50,0.0000E+000
 887.00,0.0000E+000
 887.50,0.0000E+000
 888.00,0.0000E+000
 888.50,0.0000E+000
 889.00,0.0000E+000
 889.50,0.0000E+000
 890.00,0.0000E+000
 890.50,0.0000E+000
 891.00,0.0000E+000
 891.50,0.0000E+000
 892.00,0.0000E+000
 892.50,0.0000E+000
 893.00,0.0000E+000
 893.50,0.0000E+000
 894.00,0.0000E+000
 894.50,0.0000E+000
 895.00,0.0000E+000
 895.50,0.0000E+000
 896.00,0.0000E+000
 896.50,0.0000E+000
 897.00,0.0000E+000
 897.50,0.0000E+000
 898.00,0.0000E+000
 898.50,0.0000E+000
 899.00,0.0000E+000
 899.50,0.0000E+000

