wavelength,intensity
 273.00,0.0000E+000
 273.50,0.0000E+000
 274.00,0.0000E+000
 274.50,0.0000E+000
 275.00,0.0000E+000
 275.50,0.0000E+000
 276.00,0.0000E+000
 276.50,0.0000E+000
 277.00,0.0000E+000
 277.50,0.0000E+000
 278.00,0.0000E+000
 278.50,0.0000E+000
 279.00,0.0000E+000
 279.50,0.0000E+000
 280.00,0.0000E+000
 280.50,0.0000E+000
 281.00,0.0000E+000
 281.50,0.0000E+000
 282.00,0.0000E+000
 282.50,0.0000E+000
 283.00,0.0000E+000
 283.50,0.0000E+000
 284.00,0.0000E+000
 284.50,0.0000E+000
 285.00,0.0000E+000
 285.50,0.0000E+000
 286.00,0.0000E+000
 286.50,0.0000E+000
 287.00,0.0000E+000
 287.50,0.0000E+000
 288.00,0.0000E+000
 288.50,0.0000E+000
 289.00,0.0000E+000
 289.50,0.0000E+000
 290.00,0.0000E+000
 290.50,0.0000E+000
 291.00,0.0000E+000
 291.50,0.0000E+000
 292.00,0.0000E+000
 292.50,0.0000E+000
 293.00,0.0000E+000
 293.50,0.0000E+000
 294.00,0.0000E+000
 294.50,0.0000E+000
 295.00,0.0000E+000
 295.50,0.0000E+000
 296.00,0.0000E+000
 296.50,0.0000E+000
 297.00,0.0000E+000
 297.50,0.0000E+000
 298.00,0.0000E+000
 298.50,0.0000E+000
 299.00,0.0000E+000
 299.50,0.0000E+000
 300.00,2.9836E-003
 300.50,8.2207E-003
 301.00,8.3980E-003
 301.50,8.4126E-003
 302.00,8.3031E-003
 302.50,8.2832E-003
 303.00,8.3783E-003
 303.50,8.4054E-003
 304.00,8.4243E-003
 304.50,8.2710E-003
 305.00,8.1089E-003
 305.50,8.0452E-003
 306.00,7.9863E-003
 306.50,7.8480E-003
 307.00,7.7443E-003
 307.50,7.7534E-003
 308.00,7.8782E-003
 308.50,8.0895E-003
 309.00,8.1703E-003
 309.50,8.0700E-003
 310.00,7.9680E-003
 310.50,7.9141E-003
 311.00,7.9884E-003
 311.50,8.0974E-003
 312.00,8.2130E-003
 312.50,8.3249E-003
 313.00,8.4797E-003
 313.50,8.5910E-003
 314.00,8.5417E-003
 314.50,8.4296E-003
 315.00,8.2660E-003
 315.50,8.0983E-003
 316.00,8.0485E-003
 316.50,8.0218E-003
 317.00,7.9359E-003
 317.50,7.8085E-003
 318.00,7.6852E-003
 318.50,7.5776E-003
 319.00,7.5356E-003
 319.50,7.6017E-003
 320.00,7.6460E-003
 320.50,7.6743E-003
 321.00,7.6393E-003
 321.50,7.5436E-003
 322.00,7.4727E-003
 322.50,7.3670E-003
 323.00,7.3109E-003
 323.50,7.2376E-003
 324.00,7.1681E-003
 324.50,7.1099E-003
 325.00,7.0986E-003
 325.50,7.0683E-003
 326.00,7.0692E-003
 326.50,7.0753E-003
 327.00,7.0716E-003
 327.50,7.1125E-003
 328.00,7.1355E-003
 328.50,7.1604E-003
 329.00,7.2616E-003
 329.50,7.2911E-003
 330.00,7.3231E-003
 330.50,7.3703E-003
 331.00,7.3865E-003
 331.50,7.3900E-003
 332.00,7.3993E-003
 332.50,7.3848E-003
 333.00,7.3646E-003
 333.50,7.4102E-003
 334.00,7.3637E-003
 334.50,7.3244E-003
 335.00,7.2544E-003
 335.50,7.2461E-003
 336.00,7.3181E-003
 336.50,7.3693E-003
 337.00,7.4545E-003
 337.50,7.4822E-003
 338.00,7.5236E-003
 338.50,7.5163E-003
 339.00,7.4720E-003
 339.50,7.4345E-003
 340.00,7.4577E-003
 340.50,7.4952E-003
 341.00,7.5131E-003
 341.50,7.5221E-003
 342.00,7.4841E-003
 342.50,7.4893E-003
 343.00,7.5932E-003
 343.50,7.6601E-003
 344.00,7.7455E-003
 344.50,7.8055E-003
 345.00,7.7787E-003
 345.50,7.7628E-003
 346.00,7.7711E-003
 346.50,7.7788E-003
 347.00,7.8109E-003
 347.50,7.8194E-003
 348.00,7.7626E-003
 348.50,7.7640E-003
 349.00,7.7519E-003
 349.50,7.7381E-003
 350.00,7.7537E-003
 350.50,7.6937E-003
 351.00,7.6520E-003
 351.50,7.5969E-003
 352.00,7.5715E-003
 352.50,7.5845E-003
 353.00,7.6495E-003
 353.50,7.6990E-003
 354.00,7.7232E-003
 354.50,7.7549E-003
 355.00,7.7536E-003
 355.50,7.8082E-003
 356.00,7.7709E-003
 356.50,7.7883E-003
 357.00,7.7732E-003
 357.50,7.7189E-003
 358.00,7.6807E-003
 358.50,7.6250E-003
 359.00,7.6431E-003
 359.50,7.6941E-003
 360.00,7.7638E-003
 360.50,7.7965E-003
 361.00,7.7880E-003
 361.50,7.7855E-003
 362.00,7.7244E-003
 362.50,7.6361E-003
 363.00,7.6054E-003
 363.50,7.5893E-003
 364.00,7.6360E-003
 364.50,7.6695E-003
 365.00,7.6218E-003
 365.50,7.5601E-003
 366.00,7.5176E-003
 366.50,7.5294E-003
 367.00,7.5626E-003
 367.50,7.5739E-003
 368.00,7.5819E-003
 368.50,7.5909E-003
 369.00,7.6104E-003
 369.50,7.6577E-003
 370.00,7.6556E-003
 370.50,7.6049E-003
 371.00,7.5467E-003
 371.50,7.5062E-003
 372.00,7.5083E-003
 372.50,7.5019E-003
 373.00,7.5061E-003
 373.50,7.4955E-003
 374.00,7.4759E-003
 374.50,7.4828E-003
 375.00,7.5093E-003
 375.50,7.5262E-003
 376.00,7.5505E-003
 376.50,7.5128E-003
 377.00,7.5212E-003
 377.50,7.5453E-003
 378.00,7.5335E-003
 378.50,7.4923E-003
 379.00,7.4019E-003
 379.50,7.3312E-003
 380.00,7.3714E-003
 380.50,7.4325E-003
 381.00,7.4352E-003
 381.50,7.4100E-003
 382.00,7.3479E-003
 382.50,7.2891E-003
 383.00,7.2937E-003
 383.50,7.3157E-003
 384.00,7.3584E-003
 384.50,7.4261E-003
 385.00,7.4423E-003
 385.50,7.4186E-003
 386.00,7.3642E-003
 386.50,7.3402E-003
 387.00,7.3376E-003
 387.50,7.3629E-003
 388.00,7.3514E-003
 388.50,7.3247E-003
 389.00,7.2867E-003
 389.50,7.2280E-003
 390.00,7.2206E-003
 390.50,7.2314E-003
 391.00,7.2302E-003
 391.50,7.2442E-003
 392.00,7.2488E-003
 392.50,7.2448E-003
 393.00,7.2450E-003
 393.50,7.2468E-003
 394.00,7.2432E-003
 394.50,7.2975E-003
 395.00,7.3066E-003
 395.50,7.3012E-003
 396.00,7.2609E-003
 396.50,7.2433E-003
 397.00,7.2810E-003
 397.50,7.3259E-003
 398.00,7.3990E-003
 398.50,7.4498E-003
 399.00,7.4568E-003
 399.50,7.4884E-003
 400.00,7.5008E-003
 400.50,7.5063E-003
 401.00,7.5350E-003
 401.50,7.5757E-003
 402.00,7.6885E-003
 402.50,8.2855E-003
 403.00,1.1008E-002
 403.50,1.6256E-002
 404.00,2.2173E-002
 404.50,2.5046E-002
 405.00,2.3481E-002
 405.50,1.8158E-002
 406.00,1.3129E-002
 406.50,1.0630E-002
 407.00,1.0285E-002
 407.50,1.0443E-002
 408.00,1.0281E-002
 408.50,9.6992E-003
 409.00,9.1037E-003
 409.50,8.7939E-003
 410.00,8.7154E-003
 410.50,8.7443E-003
 411.00,8.7900E-003
 411.50,8.8619E-003
 412.00,8.9570E-003
 412.50,9.0842E-003
 413.00,9.1735E-003
 413.50,9.3100E-003
 414.00,9.4008E-003
 414.50,9.4504E-003
 415.00,9.5566E-003
 415.50,9.7122E-003
 416.00,9.9014E-003
 416.50,1.0072E-002
 417.00,1.0171E-002
 417.50,1.0236E-002
 418.00,1.0312E-002
 418.50,1.0431E-002
 419.00,1.0572E-002
 419.50,1.0710E-002
 420.00,1.0857E-002
 420.50,1.1001E-002
 421.00,1.1184E-002
 421.50,1.1363E-002
 422.00,1.1526E-002
 422.50,1.1723E-002
 423.00,1.1959E-002
 423.50,1.2178E-002
 424.00,1.2393E-002
 424.50,1.2536E-002
 425.00,1.2745E-002
 425.50,1.2983E-002
 426.00,1.3236E-002
 426.50,1.3503E-002
 427.00,1.3760E-002
 427.50,1.4022E-002
 428.00,1.4285E-002
 428.50,1.4475E-002
 429.00,1.4716E-002
 429.50,1.5007E-002
 430.00,1.5307E-002
 430.50,1.5637E-002
 431.00,1.5887E-002
 431.50,1.6141E-002
 432.00,1.6521E-002
 432.50,1.7101E-002
 433.00,1.8044E-002
 433.50,2.1139E-002
 434.00,3.3301E-002
 434.50,6.5618E-002
 435.00,1.1036E-001
 435.50,1.4382E-001
 436.00,1.4111E-001
 436.50,1.0831E-001
 437.00,6.5838E-002
 437.50,3.6713E-002
 438.00,2.4691E-002
 438.50,2.1126E-002
 439.00,1.9859E-002
 439.50,1.9340E-002
 440.00,1.9095E-002
 440.50,1.9010E-002
 441.00,1.8950E-002
 441.50,1.8863E-002
 442.00,1.8849E-002
 442.50,1.8870E-002
 443.00,1.8983E-002
 443.50,1.9064E-002
 444.00,1.9100E-002
 444.50,1.9152E-002
 445.00,1.9233E-002
 445.50,1.9385E-002
 446.00,1.9469E-002
 446.50,1.9479E-002
 447.00,1.9446E-002
 447.50,1.9430E-002
 448.00,1.9501E-002
 448.50,1.9585E-002
 449.00,1.9633E-002
 449.50,1.9625E-002
 450.00,1.9556E-002
 450.50,1.9488E-002
 451.00,1.9520E-002
 451.50,1.9582E-002
 452.00,1.9667E-002
 452.50,1.9753E-002
 453.00,1.9736E-002
 453.50,1.9697E-002
 454.00,1.9635E-002
 454.50,1.9580E-002
 455.00,1.9621E-002
 455.50,1.9615E-002
 456.00,1.9578E-002
 456.50,1.9543E-002
 457.00,1.9568E-002
 457.50,1.9593E-002
 458.00,1.9567E-002
 458.50,1.9480E-002
 459.00,1.9418E-002
 459.50,1.9383E-002
 460.00,1.9394E-002
 460.50,1.9405E-002
 461.00,1.9404E-002
 461.50,1.9370E-002
 462.00,1.9269E-002
 462.50,1.9180E-002
 463.00,1.9143E-002
 463.50,1.9083E-002
 464.00,1.8991E-002
 464.50,1.8843E-002
 465.00,1.8767E-002
 465.50,1.8716E-002
 466.00,1.8610E-002
 466.50,1.8439E-002
 467.00,1.8250E-002
 467.50,1.8103E-002
 468.00,1.8018E-002
 468.50,1.7917E-002
 469.00,1.7788E-002
 469.50,1.7645E-002
 470.00,1.7503E-002
 470.50,1.7412E-002
 471.00,1.7376E-002
 471.50,1.7353E-002
 472.00,1.7261E-002
 472.50,1.7083E-002
 473.00,1.6906E-002
 473.50,1.6732E-002
 474.00,1.6578E-002
 474.50,1.6460E-002
 475.00,1.6288E-002
 475.50,1.6117E-002
 476.00,1.5936E-002
 476.50,1.5792E-002
 477.00,1.5702E-002
 477.50,1.5659E-002
 478.00,1.5635E-002
 478.50,1.5703E-002
 479.00,1.5845E-002
 479.50,1.6060E-002
 480.00,1.6409E-002
 480.50,1.6828E-002
 481.00,1.7535E-002
 481.50,1.8587E-002
 482.00,2.0072E-002
 482.50,2.1999E-002
 483.00,2.4339E-002
 483.50,2.7013E-002
 484.00,3.0088E-002
 484.50,3.3523E-002
 485.00,3.7188E-002
 485.50,4.0805E-002
 486.00,4.3788E-002
 486.50,4.5621E-002
 487.00,4.6075E-002
 487.50,4.5260E-002
 488.00,4.3545E-002
 488.50,4.1300E-002
 489.00,3.8950E-002
 489.50,3.6737E-002
 490.00,3.5007E-002
 490.50,3.3740E-002
 491.00,3.2832E-002
 491.50,3.1918E-002
 492.00,3.0776E-002
 492.50,2.9409E-002
 493.00,2.8029E-002
 493.50,2.6730E-002
 494.00,2.5549E-002
 494.50,2.4460E-002
 495.00,2.3423E-002
 495.50,2.2468E-002
 496.00,2.1554E-002
 496.50,2.0692E-002
 497.00,1.9865E-002
 497.50,1.9020E-002
 498.00,1.8193E-002
 498.50,1.7324E-002
 499.00,1.6483E-002
 499.50,1.5684E-002
 500.00,1.4986E-002
 500.50,1.4372E-002
 501.00,1.3855E-002
 501.50,1.3426E-002
 502.00,1.3023E-002
 502.50,1.2644E-002
 503.00,1.2271E-002
 503.50,1.1949E-002
 504.00,1.1708E-002
 504.50,1.1479E-002
 505.00,1.1289E-002
 505.50,1.1141E-002
 506.00,1.1087E-002
 506.50,1.1070E-002
 507.00,1.1045E-002
 507.50,1.1039E-002
 508.00,1.1046E-002
 508.50,1.1126E-002
 509.00,1.1194E-002
 509.50,1.1224E-002
 510.00,1.1260E-002
 510.50,1.1259E-002
 511.00,1.1298E-002
 511.50,1.1295E-002
 512.00,1.1283E-002
 512.50,1.1256E-002
 513.00,1.1223E-002
 513.50,1.1222E-002
 514.00,1.1212E-002
 514.50,1.1191E-002
 515.00,1.1115E-002
 515.50,1.1039E-002
 516.00,1.0974E-002
 516.50,1.0925E-002
 517.00,1.0857E-002
 517.50,1.0755E-002
 518.00,1.0646E-002
 518.50,1.0532E-002
 519.00,1.0441E-002
 519.50,1.0334E-002
 520.00,1.0228E-002
 520.50,1.0112E-002
 521.00,1.0013E-002
 521.50,9.9289E-003
 522.00,9.8373E-003
 522.50,9.7545E-003
 523.00,9.6507E-003
 523.50,9.6015E-003
 524.00,9.5524E-003
 524.50,9.5435E-003
 525.00,9.5250E-003
 525.50,9.4925E-003
 526.00,9.4848E-003
 526.50,9.4934E-003
 527.00,9.5417E-003
 527.50,9.5825E-003
 528.00,9.5789E-003
 528.50,9.5356E-003
 529.00,9.4973E-003
 529.50,9.5017E-003
 530.00,9.5444E-003
 530.50,9.6397E-003
 531.00,9.8345E-003
 531.50,1.0271E-002
 532.00,1.1017E-002
 532.50,1.2033E-002
 533.00,1.2978E-002
 533.50,1.3488E-002
 534.00,1.3556E-002
 534.50,1.3566E-002
 535.00,1.3991E-002
 535.50,1.5243E-002
 536.00,1.7501E-002
 536.50,2.0917E-002
 537.00,2.5285E-002
 537.50,3.0150E-002
 538.00,3.5433E-002
 538.50,4.2089E-002
 539.00,5.2434E-002
 539.50,6.8964E-002
 540.00,9.1884E-002
 540.50,1.1657E-001
 541.00,1.3544E-001
 541.50,1.4578E-001
 542.00,1.4811E-001
 542.50,1.4647E-001
 543.00,1.4391E-001
 543.50,1.4155E-001
 544.00,1.4245E-001
 544.50,1.4548E-001
 545.00,1.4874E-001
 545.50,1.5103E-001
 546.00,1.5126E-001
 546.50,1.4910E-001
 547.00,1.4167E-001
 547.50,1.3044E-001
 548.00,1.1658E-001
 548.50,1.0394E-001
 549.00,9.2240E-002
 549.50,8.1287E-002
 550.00,7.1175E-002
 550.50,6.2085E-002
 551.00,5.4129E-002
 551.50,4.7275E-002
 552.00,4.1426E-002
 552.50,3.6469E-002
 553.00,3.2175E-002
 553.50,2.8507E-002
 554.00,2.5202E-002
 554.50,2.2295E-002
 555.00,1.9749E-002
 555.50,1.7710E-002
 556.00,1.6060E-002
 556.50,1.4774E-002
 557.00,1.3752E-002
 557.50,1.2945E-002
 558.00,1.2278E-002
 558.50,1.1741E-002
 559.00,1.1236E-002
 559.50,1.0792E-002
 560.00,1.0398E-002
 560.50,1.0088E-002
 561.00,9.8165E-003
 561.50,9.5945E-003
 562.00,9.4237E-003
 562.50,9.2696E-003
 563.00,9.0932E-003
 563.50,8.8749E-003
 564.00,8.6320E-003
 564.50,8.4431E-003
 565.00,8.2891E-003
 565.50,8.1571E-003
 566.00,8.0425E-003
 566.50,7.9493E-003
 567.00,7.8943E-003
 567.50,7.8296E-003
 568.00,7.7649E-003
 568.50,7.6636E-003
 569.00,7.5381E-003
 569.50,7.3658E-003
 570.00,7.1852E-003
 570.50,7.0241E-003
 571.00,6.9357E-003
 571.50,6.9010E-003
 572.00,6.9320E-003
 572.50,6.9710E-003
 573.00,6.9981E-003
 573.50,7.0508E-003
 574.00,7.2115E-003
 574.50,7.6185E-003
 575.00,9.2991E-003
 575.50,1.4275E-002
 576.00,2.3084E-002
 576.50,3.1935E-002
 577.00,3.6096E-002
 577.50,3.4792E-002
 578.00,3.3660E-002
 578.50,3.6147E-002
 579.00,3.9208E-002
 579.50,3.9000E-002
 580.00,3.5663E-002
 580.50,3.2070E-002
 581.00,3.0466E-002
 581.50,3.1096E-002
 582.00,3.4010E-002
 582.50,3.7852E-002
 583.00,4.1014E-002
 583.50,4.2577E-002
 584.00,4.2413E-002
 584.50,4.1091E-002
 585.00,3.9606E-002
 585.50,3.9549E-002
 586.00,4.2333E-002
 586.50,4.7958E-002
 587.00,5.2590E-002
 587.50,5.2033E-002
 588.00,4.5644E-002
 588.50,3.6972E-002
 589.00,3.0453E-002
 589.50,2.6974E-002
 590.00,2.6223E-002
 590.50,2.6994E-002
 591.00,2.9094E-002
 591.50,3.2767E-002
 592.00,3.7754E-002
 592.50,4.2535E-002
 593.00,4.4691E-002
 593.50,4.2009E-002
 594.00,3.5965E-002
 594.50,2.9174E-002
 595.00,2.4255E-002
 595.50,2.1458E-002
 596.00,2.0383E-002
 596.50,2.0016E-002
 597.00,2.0345E-002
 597.50,2.1622E-002
 598.00,2.4133E-002
 598.50,2.7507E-002
 599.00,3.0424E-002
 599.50,3.1283E-002
 600.00,2.9734E-002
 600.50,2.6368E-002
 601.00,2.2612E-002
 601.50,1.9362E-002
 602.00,1.7150E-002
 602.50,1.5826E-002
 603.00,1.5368E-002
 603.50,1.5472E-002
 604.00,1.5894E-002
 604.50,1.6434E-002
 605.00,1.7077E-002
 605.50,1.7945E-002
 606.00,1.9213E-002
 606.50,2.1101E-002
 607.00,2.3934E-002
 607.50,2.7911E-002
 608.00,3.3981E-002
 608.50,4.4103E-002
 609.00,6.2448E-002
 609.50,9.8909E-002
 610.00,1.4517E-001
 610.50,1.8503E-001
 611.00,2.0630E-001
 611.50,2.1093E-001
 612.00,2.0522E-001
 612.50,1.9028E-001
 613.00,1.6806E-001
 613.50,1.4665E-001
 614.00,1.3068E-001
 614.50,1.1685E-001
 615.00,1.0126E-001
 615.50,8.3838E-002
 616.00,6.7345E-002
 616.50,5.4039E-002
 617.00,4.5023E-002
 617.50,3.8961E-002
 618.00,3.5261E-002
 618.50,3.3252E-002
 619.00,3.2486E-002
 619.50,3.2799E-002
 620.00,3.3816E-002
 620.50,3.5014E-002
 621.00,3.5813E-002
 621.50,3.6265E-002
 622.00,3.6671E-002
 622.50,3.7614E-002
 623.00,3.8945E-002
 623.50,4.0286E-002
 624.00,4.1179E-002
 624.50,4.1588E-002
 625.00,4.1881E-002
 625.50,4.2009E-002
 626.00,4.1756E-002
 626.50,4.0839E-002
 627.00,3.9455E-002
 627.50,3.7865E-002
 628.00,3.6440E-002
 628.50,3.5776E-002
 629.00,3.6903E-002
 629.50,4.0838E-002
 630.00,4.7900E-002
 630.50,5.4680E-002
 631.00,5.6566E-002
 631.50,5.0508E-002
 632.00,3.9520E-002
 632.50,2.8413E-002
 633.00,2.0802E-002
 633.50,1.6592E-002
 634.00,1.4730E-002
 634.50,1.3740E-002
 635.00,1.3153E-002
 635.50,1.2716E-002
 636.00,1.2322E-002
 636.50,1.1954E-002
 637.00,1.1617E-002
 637.50,1.1327E-002
 638.00,1.1078E-002
 638.50,1.0873E-002
 639.00,1.0731E-002
 639.50,1.0623E-002
 640.00,1.0585E-002
 640.50,1.0575E-002
 641.00,1.0612E-002
 641.50,1.0679E-002
 642.00,1.0754E-002
 642.50,1.0891E-002
 643.00,1.1033E-002
 643.50,1.1155E-002
 644.00,1.1236E-002
 644.50,1.1264E-002
 645.00,1.1299E-002
 645.50,1.1295E-002
 646.00,1.1237E-002
 646.50,1.1186E-002
 647.00,1.1161E-002
 647.50,1.1267E-002
 648.00,1.1489E-002
 648.50,1.2156E-002
 649.00,1.3721E-002
 649.50,1.6624E-002
 650.00,1.9800E-002
 650.50,2.1756E-002
 651.00,2.1061E-002
 651.50,1.8803E-002
 652.00,1.6553E-002
 652.50,1.5501E-002
 653.00,1.5170E-002
 653.50,1.4778E-002
 654.00,1.4066E-002
 654.50,1.3273E-002
 655.00,1.2632E-002
 655.50,1.2210E-002
 656.00,1.2023E-002
 656.50,1.2133E-002
 657.00,1.2473E-002
 657.50,1.2726E-002
 658.00,1.2641E-002
 658.50,1.2142E-002
 659.00,1.1475E-002
 659.50,1.0840E-002
 660.00,1.0500E-002
 660.50,1.0639E-002
 661.00,1.1599E-002
 661.50,1.3523E-002
 662.00,1.5632E-002
 662.50,1.6828E-002
 663.00,1.6355E-002
 663.50,1.4778E-002
 664.00,1.3115E-002
 664.50,1.1914E-002
 665.00,1.1279E-002
 665.50,1.0965E-002
 666.00,1.0867E-002
 666.50,1.0881E-002
 667.00,1.0967E-002
 667.50,1.1023E-002
 668.00,1.0968E-002
 668.50,1.0835E-002
 669.00,1.0683E-002
 669.50,1.0597E-002
 670.00,1.0540E-002
 670.50,1.0526E-002
 671.00,1.0555E-002
 671.50,1.0534E-002
 672.00,1.0522E-002
 672.50,1.0446E-002
 673.00,1.0325E-002
 673.50,1.0142E-002
 674.00,1.0009E-002
 674.50,9.9883E-003
 675.00,1.0016E-002
 675.50,1.0022E-002
 676.00,9.9821E-003
 676.50,9.9861E-003
 677.00,1.0019E-002
 677.50,1.0112E-002
 678.00,1.0268E-002
 678.50,1.0495E-002
 679.00,1.0744E-002
 679.50,1.1021E-002
 680.00,1.1302E-002
 680.50,1.1503E-002
 681.00,1.1469E-002
 681.50,1.1287E-002
 682.00,1.1100E-002
 682.50,1.0973E-002
 683.00,1.0876E-002
 683.50,1.0824E-002
 684.00,1.0853E-002
 684.50,1.0997E-002
 685.00,1.1249E-002
 685.50,1.1843E-002
 686.00,1.2975E-002
 686.50,1.4679E-002
 687.00,1.6594E-002
 687.50,1.7863E-002
 688.00,1.7840E-002
 688.50,1.6469E-002
 689.00,1.4414E-002
 689.50,1.2674E-002
 690.00,1.1565E-002
 690.50,1.1063E-002
 691.00,1.0701E-002
 691.50,1.0451E-002
 692.00,1.0573E-002
 692.50,1.1645E-002
 693.00,1.3436E-002
 693.50,1.4979E-002
 694.00,1.5113E-002
 694.50,1.3765E-002
 695.00,1.1989E-002
 695.50,1.0649E-002
 696.00,1.0180E-002
 696.50,1.0034E-002
 697.00,9.9150E-003
 697.50,9.6250E-003
 698.00,9.4164E-003
 698.50,9.3609E-003
 699.00,9.4481E-003
 699.50,9.6105E-003
 700.00,9.7490E-003
 700.50,9.8135E-003
 701.00,9.9040E-003
 701.50,1.0063E-002
 702.00,1.0295E-002
 702.50,1.0711E-002
 703.00,1.1291E-002
 703.50,1.2063E-002
 704.00,1.2878E-002
 704.50,1.4054E-002
 705.00,1.6132E-002
 705.50,1.9631E-002
 706.00,2.4423E-002
 706.50,2.9415E-002
 707.00,3.2619E-002
 707.50,3.3285E-002
 708.00,3.3478E-002
 708.50,3.4846E-002
 709.00,3.5704E-002
 709.50,3.2854E-002
 710.00,2.7026E-002
 710.50,2.1971E-002
 711.00,2.1380E-002
 711.50,2.5206E-002
 712.00,2.9726E-002
 712.50,3.1070E-002
 713.00,2.7582E-002
 713.50,2.1515E-002
 714.00,1.6178E-002
 714.50,1.2882E-002
 715.00,1.1360E-002
 715.50,1.0778E-002
 716.00,1.0561E-002
 716.50,1.0499E-002
 717.00,1.0436E-002
 717.50,1.0420E-002
 718.00,1.0334E-002
 718.50,1.0309E-002
 719.00,1.0395E-002
 719.50,1.0522E-002
 720.00,1.0601E-002
 720.50,1.0603E-002
 721.00,1.0648E-002
 721.50,1.0689E-002
 722.00,1.0714E-002
 722.50,1.0739E-002
 723.00,1.0817E-002
 723.50,1.0912E-002
 724.00,1.0869E-002
 724.50,1.0819E-002
 725.00,1.0859E-002
 725.50,1.0910E-002
 726.00,1.0944E-002
 726.50,1.1005E-002
 727.00,1.1152E-002
 727.50,1.1192E-002
 728.00,1.1137E-002
 728.50,1.1070E-002
 729.00,1.1229E-002
 729.50,1.1316E-002
 730.00,1.1294E-002
 730.50,1.1090E-002
 731.00,1.1119E-002
 731.50,1.1209E-002
 732.00,1.1300E-002
 732.50,1.1290E-002
 733.00,1.1226E-002
 733.50,1.1209E-002
 734.00,1.1325E-002
 734.50,1.1503E-002
 735.00,1.1557E-002
 735.50,1.1514E-002
 736.00,1.1485E-002
 736.50,1.1503E-002
 737.00,1.1549E-002
 737.50,1.1767E-002
 738.00,1.2143E-002
 738.50,1.2497E-002
 739.00,1.2565E-002
 739.50,1.2401E-002
 740.00,1.2172E-002
 740.50,1.2091E-002
 741.00,1.2284E-002
 741.50,1.2570E-002
 742.00,1.2833E-002
 742.50,1.2961E-002
 743.00,1.2997E-002
 743.50,1.2865E-002
 744.00,1.2627E-002
 744.50,1.2454E-002
 745.00,1.2396E-002
 745.50,1.2496E-002
 746.00,1.2687E-002
 746.50,1.2799E-002
 747.00,1.2772E-002
 747.50,1.2720E-002
 748.00,1.2642E-002
 748.50,1.2611E-002
 749.00,1.2685E-002
 749.50,1.3112E-002
 750.00,1.3810E-002
 750.50,1.4392E-002
 751.00,1.4579E-002
 751.50,1.4451E-002
 752.00,1.4098E-002
 752.50,1.3684E-002
 753.00,1.3401E-002
 753.50,1.3361E-002
 754.00,1.3430E-002
 754.50,1.3464E-002
 755.00,1.3446E-002
 755.50,1.3394E-002
 756.00,1.3378E-002
 756.50,1.3390E-002
 757.00,1.3470E-002
 757.50,1.3612E-002
 758.00,1.3786E-002
 758.50,1.3884E-002
 759.00,1.3876E-002
 759.50,1.3914E-002
 760.00,1.4015E-002
 760.50,1.4091E-002
 761.00,1.4083E-002
 761.50,1.4189E-002
 762.00,1.4612E-002
 762.50,1.5539E-002
 763.00,1.6772E-002
 763.50,1.7497E-002
 764.00,1.7279E-002
 764.50,1.6378E-002
 765.00,1.5542E-002
 765.50,1.5114E-002
 766.00,1.5035E-002
 766.50,1.5016E-002
 767.00,1.5108E-002
 767.50,1.5195E-002
 768.00,1.5349E-002
 768.50,1.5419E-002
 769.00,1.5485E-002
 769.50,1.5643E-002
 770.00,1.5666E-002
 770.50,1.5757E-002
 771.00,1.5944E-002
 771.50,1.6511E-002
 772.00,1.7084E-002
 772.50,1.7458E-002
 773.00,1.7525E-002
 773.50,1.7269E-002
 774.00,1.6992E-002
 774.50,1.6811E-002
 775.00,1.6531E-002
 775.50,1.6404E-002
 776.00,1.6606E-002
 776.50,1.6922E-002
 777.00,1.7059E-002
 777.50,1.7065E-002
 778.00,1.7191E-002
 778.50,1.7204E-002
 779.00,1.7192E-002
 779.50,1.7356E-002
 780.00,1.7585E-002
 780.50,1.7747E-002
 781.00,1.7786E-002
 781.50,1.7823E-002
 782.00,1.7877E-002
 782.50,1.7783E-002
 783.00,1.7824E-002
 783.50,1.8005E-002
 784.00,1.8339E-002
 784.50,1.8517E-002
 785.00,1.8648E-002
 785.50,1.8742E-002
 786.00,1.8755E-002
 786.50,1.8810E-002
 787.00,1.8915E-002
 787.50,1.8939E-002
 788.00,1.9880E-002
 788.50,2.0799E-002
 789.00,2.1017E-002
 789.50,2.0188E-002
 790.00,1.9817E-002
 790.50,1.9678E-002
 791.00,1.9690E-002
 791.50,1.9720E-002
 792.00,1.9919E-002
 792.50,2.0145E-002
 793.00,2.0389E-002
 793.50,2.0650E-002
 794.00,2.1177E-002
 794.50,2.1789E-002
 795.00,2.2048E-002
 795.50,2.1870E-002
 796.00,2.1585E-002
 796.50,2.1470E-002
 797.00,2.1528E-002
 797.50,2.1684E-002
 798.00,2.1801E-002
 798.50,2.1940E-002
 799.00,2.2127E-002
 799.50,2.2416E-002
 800.00,2.2865E-002
 800.50,2.3440E-002
 801.00,2.3881E-002
 801.50,2.4211E-002
 802.00,2.4015E-002
 802.50,2.3669E-002
 803.00,2.3305E-002
 803.50,2.3366E-002
 804.00,2.3422E-002
 804.50,2.3641E-002
 805.00,2.3890E-002
 805.50,2.3915E-002
 806.00,2.3851E-002
 806.50,2.3880E-002
 807.00,2.3941E-002
 807.50,2.3882E-002
 808.00,2.4017E-002
 808.50,2.4504E-002
 809.00,2.5404E-002
 809.50,2.6328E-002
 810.00,2.7644E-002
 810.50,2.9254E-002
 811.00,3.0854E-002
 811.50,3.1121E-002
 812.00,2.9928E-002
 812.50,2.8147E-002
 813.00,2.6776E-002
 813.50,2.6136E-002
 814.00,2.6087E-002
 814.50,2.6348E-002
 815.00,2.6678E-002
 815.50,2.6774E-002
 816.00,2.6710E-002
 816.50,2.6619E-002
 817.00,2.6622E-002
 817.50,2.6711E-002
 818.00,2.6969E-002
 818.50,2.7345E-002
 819.00,2.7653E-002
 819.50,2.7703E-002
 820.00,2.7876E-002
 820.50,2.8118E-002
 821.00,2.8121E-002
 821.50,2.8138E-002
 822.00,2.8289E-002
 822.50,2.8514E-002
 823.00,2.8749E-002
 823.50,2.8824E-002
 824.00,2.8897E-002
 824.50,2.8972E-002
 825.00,2.9219E-002
 825.50,2.9569E-002
 826.00,3.0014E-002
 826.50,3.0240E-002
 827.00,2.9836E-002
 827.50,2.9654E-002
 828.00,2.9881E-002
 828.50,3.0167E-002
 829.00,3.0592E-002
 829.50,3.0849E-002
 830.00,3.1006E-002
 830.50,3.1120E-002
 831.00,3.1230E-002
 831.50,3.1590E-002
 832.00,3.1953E-002
 832.50,3.2188E-002
 833.00,3.2196E-002
 833.50,3.1950E-002
 834.00,3.2001E-002
 834.50,3.2377E-002
 835.00,3.2563E-002
 835.50,3.2289E-002
 836.00,3.2451E-002
 836.50,3.2592E-002
 837.00,3.2927E-002
 837.50,3.3384E-002
 838.00,3.3879E-002
 838.50,3.4089E-002
 839.00,3.4463E-002
 839.50,3.5540E-002
 840.00,3.6670E-002
 840.50,3.7248E-002
 841.00,3.7682E-002
 841.50,3.8492E-002
 842.00,3.9152E-002
 842.50,3.8990E-002
 843.00,3.7908E-002
 843.50,3.6916E-002
 844.00,3.6395E-002
 844.50,3.6552E-002
 845.00,3.7060E-002
 845.50,3.7399E-002
 846.00,3.7533E-002
 846.50,3.7595E-002
 847.00,3.7594E-002
 847.50,3.7829E-002
 848.00,3.8321E-002
 848.50,3.8937E-002
 849.00,3.9283E-002
 849.50,3.9337E-002
 850.00,3.9718E-002
 850.50,4.0617E-002
 851.00,4.1908E-002
 851.50,4.2709E-002
 852.00,4.2893E-002
 852.50,4.2396E-002
 853.00,4.2146E-002
 853.50,4.2121E-002
 854.00,4.2112E-002
 854.50,4.1975E-002
 855.00,4.2068E-002
 855.50,4.2713E-002
 856.00,4.3327E-002
 856.50,4.3927E-002
 857.00,4.4325E-002
 857.50,4.4786E-002
 858.00,4.5108E-002
 858.50,4.5725E-002
 859.00,4.6264E-002
 859.50,4.6644E-002
 860.00,4.6877E-002
 860.50,4.7308E-002
 861.00,4.7482E-002
 861.50,4.7521E-002
 862.00,4.7737E-002
 862.50,4.8312E-002
 863.00,4.8900E-002
 863.50,4.9863E-002
 864.00,5.0193E-002
 864.50,5.0477E-002
 865.00,5.0399E-002
 865.50,5.0464E-002
 866.00,5.0890E-002
 866.50,5.1830E-002
 867.00,5.2728E-002
 867.50,5.2933E-002
 868.00,5.3123E-002
 868.50,5.3334E-002
 869.00,5.3756E-002
 869.50,5.4980E-002
 870.00,5.6959E-002
 870.50,5.9117E-002
 871.00,6.0368E-002
 871.50,6.0707E-002
 872.00,6.0321E-002
 872.50,5.9424E-002
 873.00,5.8749E-002
 873.50,5.8797E-002
 874.00,5.9484E-002
 874.50,6.0040E-002
 875.00,6.0499E-002
 875.50,6.0768E-002
 876.00,6.0840E-002
 876.50,6.1370E-002
 877.00,6.2694E-002
 877.50,6.3397E-002
 878.00,6.3901E-002
 878.50,6.4392E-002
 879.00,6.4688E-002
 879.50,6.5058E-002
 880.00,6.4628E-002
 880.50,6.4897E-002
 881.00,6.6208E-002
 881.50,6.6641E-002
 882.00,6.6673E-002
 882.50,6.7524E-002
 883.00,6.8609E-002
 883.50,6.8544E-002
 884.00,6.9569E-002
 884.50,7.0284E-002
 885.00,7.0304E-002
 885.50,7.0714E-002
 886.00,7.1234E-002
 886.50,7.0906E-002
 887.00,7.1123E-002
 887.50,7.2218E-002
 888.00,7.3088E-002
 888.50,7.3607E-002
 889.00,7.3931E-002
 889.50,7.4052E-002
 890.00,7.4140E-002
 890.50,7.4579E-002
 891.00,7.4997E-002
 891.50,7.5212E-002
 892.00,7.5878E-002
 892.50,7.6455E-002
 893.00,7.7330E-002
 893.50,7.7958E-002
 894.00,7.8414E-002
 894.50,7.8377E-002
 895.00,7.8285E-002
 895.50,7.9074E-002
 896.00,8.0117E-002
 896.50,8.1250E-002
 897.00,8.1897E-002
 897.50,8.2381E-002
 898.00,8.3073E-002
 898.50,8.3308E-002
 899.00,8.4266E-002
 899.50,1.6723E-003

