wavelength,intensity
 273.00,0.0000E+000
 273.50,0.0000E+000
 274.00,0.0000E+000
 274.50,0.0000E+000
 275.00,0.0000E+000
 275.50,0.0000E+000
 276.00,0.0000E+000
 276.50,0.0000E+000
 277.00,0.0000E+000
 277.50,0.0000E+000
 278.00,0.0000E+000
 278.50,0.0000E+000
 279.00,0.0000E+000
 279.50,0.0000E+000
 280.00,0.0000E+000
 280.50,0.0000E+000
 281.00,0.0000E+000
 281.50,0.0000E+000
 282.00,0.0000E+000
 282.50,0.0000E+000
 283.00,0.0000E+000
 283.50,0.0000E+000
 284.00,0.0000E+000
 284.50,0.0000E+000
 285.00,0.0000E+000
 285.50,0.0000E+000
 286.00,0.0000E+000
 286.50,0.0000E+000
 287.00,0.0000E+000
 287.50,0.0000E+000
 288.00,0.0000E+000
 288.50,0.0000E+000
 289.00,0.0000E+000
 289.50,0.0000E+000
 290.00,0.0000E+000
 290.50,0.0000E+000
 291.00,0.0000E+000
 291.50,0.0000E+000
 292.00,0.0000E+000
 292.50,0.0000E+000
 293.00,0.0000E+000
 293.50,0.0000E+000
 294.00,0.0000E+000
 294.50,0.0000E+000
 295.00,0.0000E+000
 295.50,0.0000E+000
 296.00,0.0000E+000
 296.50,0.0000E+000
 297.00,0.0000E+000
 297.50,0.0000E+000
 298.00,0.0000E+000
 298.50,0.0000E+000
 299.00,0.0000E+000
 299.50,0.0000E+000
 300.00,2.9460E-003
 300.50,8.1253E-003
 301.00,8.3173E-003
 301.50,8.3375E-003
 302.00,8.2498E-003
 302.50,8.2039E-003
 303.00,8.2465E-003
 303.50,8.2566E-003
 304.00,8.2796E-003
 304.50,8.1410E-003
 305.00,7.9854E-003
 305.50,7.9333E-003
 306.00,7.9111E-003
 306.50,7.8711E-003
 307.00,7.8224E-003
 307.50,7.8350E-003
 308.00,7.8955E-003
 308.50,8.0314E-003
 309.00,8.0811E-003
 309.50,7.9995E-003
 310.00,7.9289E-003
 310.50,7.8982E-003
 311.00,7.9679E-003
 311.50,8.0541E-003
 312.00,8.1771E-003
 312.50,8.2657E-003
 313.00,8.4123E-003
 313.50,8.5236E-003
 314.00,8.4765E-003
 314.50,8.3803E-003
 315.00,8.2037E-003
 315.50,8.0328E-003
 316.00,7.9911E-003
 316.50,8.0009E-003
 317.00,7.9500E-003
 317.50,7.8327E-003
 318.00,7.7063E-003
 318.50,7.6186E-003
 319.00,7.5835E-003
 319.50,7.6174E-003
 320.00,7.6562E-003
 320.50,7.6839E-003
 321.00,7.6662E-003
 321.50,7.5788E-003
 322.00,7.4396E-003
 322.50,7.3078E-003
 323.00,7.2278E-003
 323.50,7.1632E-003
 324.00,7.1137E-003
 324.50,7.0321E-003
 325.00,7.0221E-003
 325.50,7.0205E-003
 326.00,7.0311E-003
 326.50,7.0640E-003
 327.00,7.1144E-003
 327.50,7.2132E-003
 328.00,7.3051E-003
 328.50,7.3431E-003
 329.00,7.3750E-003
 329.50,7.2777E-003
 330.00,7.2191E-003
 330.50,7.2347E-003
 331.00,7.2493E-003
 331.50,7.3125E-003
 332.00,7.3820E-003
 332.50,7.3722E-003
 333.00,7.3445E-003
 333.50,7.3151E-003
 334.00,7.2179E-003
 334.50,7.1698E-003
 335.00,7.1078E-003
 335.50,7.1541E-003
 336.00,7.2781E-003
 336.50,7.3706E-003
 337.00,7.4538E-003
 337.50,7.4714E-003
 338.00,7.4456E-003
 338.50,7.4130E-003
 339.00,7.3726E-003
 339.50,7.3392E-003
 340.00,7.3826E-003
 340.50,7.4277E-003
 341.00,7.4883E-003
 341.50,7.4882E-003
 342.00,7.4517E-003
 342.50,7.4791E-003
 343.00,7.5440E-003
 343.50,7.6911E-003
 344.00,7.8201E-003
 344.50,7.8868E-003
 345.00,7.8560E-003
 345.50,7.7778E-003
 346.00,7.7221E-003
 346.50,7.7060E-003
 347.00,7.7275E-003
 347.50,7.7223E-003
 348.00,7.6956E-003
 348.50,7.6914E-003
 349.00,7.6900E-003
 349.50,7.6620E-003
 350.00,7.6629E-003
 350.50,7.6217E-003
 351.00,7.6079E-003
 351.50,7.5831E-003
 352.00,7.5959E-003
 352.50,7.6321E-003
 353.00,7.6285E-003
 353.50,7.6503E-003
 354.00,7.6651E-003
 354.50,7.6793E-003
 355.00,7.6986E-003
 355.50,7.7335E-003
 356.00,7.7462E-003
 356.50,7.8065E-003
 357.00,7.8569E-003
 357.50,7.7799E-003
 358.00,7.7057E-003
 358.50,7.6631E-003
 359.00,7.6851E-003
 359.50,7.7428E-003
 360.00,7.7344E-003
 360.50,7.7300E-003
 361.00,7.7353E-003
 361.50,7.7523E-003
 362.00,7.7287E-003
 362.50,7.6672E-003
 363.00,7.6252E-003
 363.50,7.6279E-003
 364.00,7.6901E-003
 364.50,7.7271E-003
 365.00,7.7393E-003
 365.50,7.7093E-003
 366.00,7.6345E-003
 366.50,7.5867E-003
 367.00,7.5222E-003
 367.50,7.5309E-003
 368.00,7.5404E-003
 368.50,7.5728E-003
 369.00,7.6015E-003
 369.50,7.6287E-003
 370.00,7.6215E-003
 370.50,7.5773E-003
 371.00,7.5711E-003
 371.50,7.5540E-003
 372.00,7.5704E-003
 372.50,7.5485E-003
 373.00,7.4576E-003
 373.50,7.3831E-003
 374.00,7.3297E-003
 374.50,7.3563E-003
 375.00,7.4084E-003
 375.50,7.4415E-003
 376.00,7.4594E-003
 376.50,7.4497E-003
 377.00,7.4628E-003
 377.50,7.4720E-003
 378.00,7.4432E-003
 378.50,7.3744E-003
 379.00,7.2976E-003
 379.50,7.2889E-003
 380.00,7.3517E-003
 380.50,7.4255E-003
 381.00,7.4238E-003
 381.50,7.3744E-003
 382.00,7.2914E-003
 382.50,7.2334E-003
 383.00,7.2274E-003
 383.50,7.2343E-003
 384.00,7.2477E-003
 384.50,7.2768E-003
 385.00,7.2828E-003
 385.50,7.2800E-003
 386.00,7.2592E-003
 386.50,7.2145E-003
 387.00,7.1999E-003
 387.50,7.2309E-003
 388.00,7.2400E-003
 388.50,7.2489E-003
 389.00,7.2010E-003
 389.50,7.1695E-003
 390.00,7.1605E-003
 390.50,7.1582E-003
 391.00,7.1318E-003
 391.50,7.1170E-003
 392.00,7.1106E-003
 392.50,7.1159E-003
 393.00,7.1046E-003
 393.50,7.0709E-003
 394.00,7.0196E-003
 394.50,6.9929E-003
 395.00,6.9964E-003
 395.50,7.0197E-003
 396.00,7.0613E-003
 396.50,7.1111E-003
 397.00,7.1112E-003
 397.50,7.1384E-003
 398.00,7.1501E-003
 398.50,7.1636E-003
 399.00,7.1771E-003
 399.50,7.1553E-003
 400.00,7.1490E-003
 400.50,7.1638E-003
 401.00,7.1586E-003
 401.50,7.1710E-003
 402.00,7.1381E-003
 402.50,7.0872E-003
 403.00,7.0430E-003
 403.50,7.0453E-003
 404.00,7.0843E-003
 404.50,7.1580E-003
 405.00,7.2220E-003
 405.50,7.2352E-003
 406.00,7.2220E-003
 406.50,7.2016E-003
 407.00,7.1953E-003
 407.50,7.2244E-003
 408.00,7.2808E-003
 408.50,7.3173E-003
 409.00,7.3604E-003
 409.50,7.3808E-003
 410.00,7.4158E-003
 410.50,7.4481E-003
 411.00,7.4718E-003
 411.50,7.4962E-003
 412.00,7.5238E-003
 412.50,7.5891E-003
 413.00,7.6590E-003
 413.50,7.7873E-003
 414.00,7.8751E-003
 414.50,7.9130E-003
 415.00,7.9510E-003
 415.50,8.0358E-003
 416.00,8.1724E-003
 416.50,8.2986E-003
 417.00,8.3919E-003
 417.50,8.4802E-003
 418.00,8.6122E-003
 418.50,8.8206E-003
 419.00,9.0229E-003
 419.50,9.2278E-003
 420.00,9.4284E-003
 420.50,9.6245E-003
 421.00,9.8503E-003
 421.50,1.0089E-002
 422.00,1.0353E-002
 422.50,1.0681E-002
 423.00,1.1034E-002
 423.50,1.1403E-002
 424.00,1.1775E-002
 424.50,1.2114E-002
 425.00,1.2523E-002
 425.50,1.2929E-002
 426.00,1.3349E-002
 426.50,1.3797E-002
 427.00,1.4281E-002
 427.50,1.4840E-002
 428.00,1.5487E-002
 428.50,1.6088E-002
 429.00,1.6688E-002
 429.50,1.7302E-002
 430.00,1.7976E-002
 430.50,1.8734E-002
 431.00,1.9498E-002
 431.50,2.0252E-002
 432.00,2.1023E-002
 432.50,2.1827E-002
 433.00,2.2700E-002
 433.50,2.3561E-002
 434.00,2.4502E-002
 434.50,2.5569E-002
 435.00,2.6741E-002
 435.50,2.7931E-002
 436.00,2.9175E-002
 436.50,3.0384E-002
 437.00,3.1747E-002
 437.50,3.3248E-002
 438.00,3.4833E-002
 438.50,3.6429E-002
 439.00,3.8026E-002
 439.50,3.9724E-002
 440.00,4.1508E-002
 440.50,4.3379E-002
 441.00,4.5127E-002
 441.50,4.6906E-002
 442.00,4.8775E-002
 442.50,5.0591E-002
 443.00,5.2311E-002
 443.50,5.3832E-002
 444.00,5.5217E-002
 444.50,5.6557E-002
 445.00,5.7801E-002
 445.50,5.8722E-002
 446.00,5.9482E-002
 446.50,5.9827E-002
 447.00,5.9850E-002
 447.50,5.9590E-002
 448.00,5.8984E-002
 448.50,5.8188E-002
 449.00,5.7317E-002
 449.50,5.6257E-002
 450.00,5.5086E-002
 450.50,5.3619E-002
 451.00,5.1969E-002
 451.50,5.0213E-002
 452.00,4.8351E-002
 452.50,4.6583E-002
 453.00,4.4778E-002
 453.50,4.3002E-002
 454.00,4.1301E-002
 454.50,3.9630E-002
 455.00,3.8199E-002
 455.50,3.6819E-002
 456.00,3.5554E-002
 456.50,3.4454E-002
 457.00,3.3451E-002
 457.50,3.2560E-002
 458.00,3.1661E-002
 458.50,3.0753E-002
 459.00,2.9966E-002
 459.50,2.9189E-002
 460.00,2.8555E-002
 460.50,2.7996E-002
 461.00,2.7385E-002
 461.50,2.6788E-002
 462.00,2.6146E-002
 462.50,2.5589E-002
 463.00,2.5118E-002
 463.50,2.4651E-002
 464.00,2.4171E-002
 464.50,2.3598E-002
 465.00,2.2989E-002
 465.50,2.2379E-002
 466.00,2.1762E-002
 466.50,2.1240E-002
 467.00,2.0786E-002
 467.50,2.0374E-002
 468.00,2.0003E-002
 468.50,1.9581E-002
 469.00,1.9152E-002
 469.50,1.8690E-002
 470.00,1.8269E-002
 470.50,1.7928E-002
 471.00,1.7614E-002
 471.50,1.7346E-002
 472.00,1.7037E-002
 472.50,1.6774E-002
 473.00,1.6547E-002
 473.50,1.6387E-002
 474.00,1.6257E-002
 474.50,1.6162E-002
 475.00,1.6091E-002
 475.50,1.5995E-002
 476.00,1.5880E-002
 476.50,1.5804E-002
 477.00,1.5719E-002
 477.50,1.5671E-002
 478.00,1.5588E-002
 478.50,1.5535E-002
 479.00,1.5533E-002
 479.50,1.5581E-002
 480.00,1.5665E-002
 480.50,1.5709E-002
 481.00,1.5749E-002
 481.50,1.5810E-002
 482.00,1.5916E-002
 482.50,1.6027E-002
 483.00,1.6123E-002
 483.50,1.6243E-002
 484.00,1.6406E-002
 484.50,1.6583E-002
 485.00,1.6736E-002
 485.50,1.6889E-002
 486.00,1.7059E-002
 486.50,1.7278E-002
 487.00,1.7526E-002
 487.50,1.7815E-002
 488.00,1.8136E-002
 488.50,1.8501E-002
 489.00,1.8893E-002
 489.50,1.9277E-002
 490.00,1.9681E-002
 490.50,2.0091E-002
 491.00,2.0567E-002
 491.50,2.1043E-002
 492.00,2.1525E-002
 492.50,2.1983E-002
 493.00,2.2472E-002
 493.50,2.2969E-002
 494.00,2.3480E-002
 494.50,2.4033E-002
 495.00,2.4628E-002
 495.50,2.5225E-002
 496.00,2.5816E-002
 496.50,2.6415E-002
 497.00,2.7019E-002
 497.50,2.7628E-002
 498.00,2.8228E-002
 498.50,2.8865E-002
 499.00,2.9510E-002
 499.50,3.0114E-002
 500.00,3.0706E-002
 500.50,3.1264E-002
 501.00,3.1894E-002
 501.50,3.2511E-002
 502.00,3.3159E-002
 502.50,3.3804E-002
 503.00,3.4459E-002
 503.50,3.5116E-002
 504.00,3.5785E-002
 504.50,3.6415E-002
 505.00,3.7088E-002
 505.50,3.7780E-002
 506.00,3.8453E-002
 506.50,3.9096E-002
 507.00,3.9684E-002
 507.50,4.0280E-002
 508.00,4.0974E-002
 508.50,4.1666E-002
 509.00,4.2350E-002
 509.50,4.2975E-002
 510.00,4.3542E-002
 510.50,4.4146E-002
 511.00,4.4718E-002
 511.50,4.5299E-002
 512.00,4.5866E-002
 512.50,4.6484E-002
 513.00,4.7132E-002
 513.50,4.7725E-002
 514.00,4.8271E-002
 514.50,4.8757E-002
 515.00,4.9265E-002
 515.50,4.9792E-002
 516.00,5.0325E-002
 516.50,5.0905E-002
 517.00,5.1523E-002
 517.50,5.2123E-002
 518.00,5.2652E-002
 518.50,5.3122E-002
 519.00,5.3506E-002
 519.50,5.3875E-002
 520.00,5.4273E-002
 520.50,5.4745E-002
 521.00,5.5200E-002
 521.50,5.5570E-002
 522.00,5.5844E-002
 522.50,5.6207E-002
 523.00,5.6667E-002
 523.50,5.7178E-002
 524.00,5.7637E-002
 524.50,5.7985E-002
 525.00,5.8267E-002
 525.50,5.8563E-002
 526.00,5.8868E-002
 526.50,5.9297E-002
 527.00,5.9647E-002
 527.50,5.9929E-002
 528.00,6.0162E-002
 528.50,6.0422E-002
 529.00,6.0824E-002
 529.50,6.1244E-002
 530.00,6.1610E-002
 530.50,6.1904E-002
 531.00,6.2121E-002
 531.50,6.2389E-002
 532.00,6.2622E-002
 532.50,6.2952E-002
 533.00,6.3212E-002
 533.50,6.3408E-002
 534.00,6.3433E-002
 534.50,6.3542E-002
 535.00,6.3708E-002
 535.50,6.3992E-002
 536.00,6.4224E-002
 536.50,6.4466E-002
 537.00,6.4731E-002
 537.50,6.4958E-002
 538.00,6.5145E-002
 538.50,6.5289E-002
 539.00,6.5582E-002
 539.50,6.5943E-002
 540.00,6.6332E-002
 540.50,6.6637E-002
 541.00,6.6854E-002
 541.50,6.7048E-002
 542.00,6.7260E-002
 542.50,6.7518E-002
 543.00,6.7803E-002
 543.50,6.8044E-002
 544.00,6.8285E-002
 544.50,6.8487E-002
 545.00,6.8651E-002
 545.50,6.8841E-002
 546.00,6.9063E-002
 546.50,6.9345E-002
 547.00,6.9559E-002
 547.50,6.9743E-002
 548.00,7.0002E-002
 548.50,7.0324E-002
 549.00,7.0702E-002
 549.50,7.0934E-002
 550.00,7.1131E-002
 550.50,7.1432E-002
 551.00,7.1793E-002
 551.50,7.2183E-002
 552.00,7.2456E-002
 552.50,7.2787E-002
 553.00,7.3223E-002
 553.50,7.3680E-002
 554.00,7.4081E-002
 554.50,7.4344E-002
 555.00,7.4526E-002
 555.50,7.4790E-002
 556.00,7.5162E-002
 556.50,7.5659E-002
 557.00,7.6199E-002
 557.50,7.6708E-002
 558.00,7.7125E-002
 558.50,7.7632E-002
 559.00,7.8101E-002
 559.50,7.8605E-002
 560.00,7.9047E-002
 560.50,7.9398E-002
 561.00,7.9831E-002
 561.50,8.0273E-002
 562.00,8.0754E-002
 562.50,8.1350E-002
 563.00,8.1876E-002
 563.50,8.2424E-002
 564.00,8.2827E-002
 564.50,8.3184E-002
 565.00,8.3595E-002
 565.50,8.4020E-002
 566.00,8.4529E-002
 566.50,8.5045E-002
 567.00,8.5562E-002
 567.50,8.6110E-002
 568.00,8.6677E-002
 568.50,8.7179E-002
 569.00,8.7659E-002
 569.50,8.8208E-002
 570.00,8.8759E-002
 570.50,8.9415E-002
 571.00,9.0124E-002
 571.50,9.0774E-002
 572.00,9.1365E-002
 572.50,9.1861E-002
 573.00,9.2453E-002
 573.50,9.3092E-002
 574.00,9.3703E-002
 574.50,9.4235E-002
 575.00,9.4885E-002
 575.50,9.5469E-002
 576.00,9.6137E-002
 576.50,9.6699E-002
 577.00,9.7304E-002
 577.50,9.7871E-002
 578.00,9.8429E-002
 578.50,9.9072E-002
 579.00,9.9729E-002
 579.50,1.0034E-001
 580.00,1.0099E-001
 580.50,1.0156E-001
 581.00,1.0215E-001
 581.50,1.0265E-001
 582.00,1.0310E-001
 582.50,1.0365E-001
 583.00,1.0428E-001
 583.50,1.0504E-001
 584.00,1.0566E-001
 584.50,1.0612E-001
 585.00,1.0640E-001
 585.50,1.0685E-001
 586.00,1.0748E-001
 586.50,1.0813E-001
 587.00,1.0860E-001
 587.50,1.0884E-001
 588.00,1.0913E-001
 588.50,1.0951E-001
 589.00,1.0994E-001
 589.50,1.1040E-001
 590.00,1.1084E-001
 590.50,1.1137E-001
 591.00,1.1184E-001
 591.50,1.1234E-001
 592.00,1.1271E-001
 592.50,1.1298E-001
 593.00,1.1324E-001
 593.50,1.1324E-001
 594.00,1.1345E-001
 594.50,1.1370E-001
 595.00,1.1404E-001
 595.50,1.1424E-001
 596.00,1.1431E-001
 596.50,1.1449E-001
 597.00,1.1478E-001
 597.50,1.1500E-001
 598.00,1.1525E-001
 598.50,1.1541E-001
 599.00,1.1546E-001
 599.50,1.1534E-001
 600.00,1.1518E-001
 600.50,1.1517E-001
 601.00,1.1523E-001
 601.50,1.1522E-001
 602.00,1.1521E-001
 602.50,1.1529E-001
 603.00,1.1539E-001
 603.50,1.1532E-001
 604.00,1.1520E-001
 604.50,1.1500E-001
 605.00,1.1474E-001
 605.50,1.1455E-001
 606.00,1.1434E-001
 606.50,1.1427E-001
 607.00,1.1416E-001
 607.50,1.1389E-001
 608.00,1.1355E-001
 608.50,1.1316E-001
 609.00,1.1298E-001
 609.50,1.1294E-001
 610.00,1.1276E-001
 610.50,1.1236E-001
 611.00,1.1191E-001
 611.50,1.1155E-001
 612.00,1.1145E-001
 612.50,1.1122E-001
 613.00,1.1100E-001
 613.50,1.1053E-001
 614.00,1.1012E-001
 614.50,1.0962E-001
 615.00,1.0922E-001
 615.50,1.0875E-001
 616.00,1.0818E-001
 616.50,1.0767E-001
 617.00,1.0712E-001
 617.50,1.0660E-001
 618.00,1.0601E-001
 618.50,1.0541E-001
 619.00,1.0476E-001
 619.50,1.0415E-001
 620.00,1.0358E-001
 620.50,1.0326E-001
 621.00,1.0277E-001
 621.50,1.0223E-001
 622.00,1.0150E-001
 622.50,1.0085E-001
 623.00,1.0023E-001
 623.50,9.9634E-002
 624.00,9.8989E-002
 624.50,9.8216E-002
 625.00,9.7435E-002
 625.50,9.6777E-002
 626.00,9.6252E-002
 626.50,9.5630E-002
 627.00,9.4795E-002
 627.50,9.4032E-002
 628.00,9.3381E-002
 628.50,9.2871E-002
 629.00,9.2347E-002
 629.50,9.1690E-002
 630.00,9.1052E-002
 630.50,9.0326E-002
 631.00,8.9588E-002
 631.50,8.8809E-002
 632.00,8.7927E-002
 632.50,8.7058E-002
 633.00,8.6216E-002
 633.50,8.5474E-002
 634.00,8.4840E-002
 634.50,8.4137E-002
 635.00,8.3393E-002
 635.50,8.2713E-002
 636.00,8.2025E-002
 636.50,8.1335E-002
 637.00,8.0537E-002
 637.50,7.9823E-002
 638.00,7.9059E-002
 638.50,7.8230E-002
 639.00,7.7419E-002
 639.50,7.6694E-002
 640.00,7.6122E-002
 640.50,7.5370E-002
 641.00,7.4671E-002
 641.50,7.3874E-002
 642.00,7.3268E-002
 642.50,7.2611E-002
 643.00,7.1877E-002
 643.50,7.1207E-002
 644.00,7.0520E-002
 644.50,6.9835E-002
 645.00,6.8971E-002
 645.50,6.8059E-002
 646.00,6.7268E-002
 646.50,6.6634E-002
 647.00,6.6040E-002
 647.50,6.5388E-002
 648.00,6.4613E-002
 648.50,6.3931E-002
 649.00,6.3299E-002
 649.50,6.2544E-002
 650.00,6.1744E-002
 650.50,6.1014E-002
 651.00,6.0435E-002
 651.50,5.9703E-002
 652.00,5.9014E-002
 652.50,5.8295E-002
 653.00,5.7701E-002
 653.50,5.7010E-002
 654.00,5.6420E-002
 654.50,5.5848E-002
 655.00,5.5316E-002
 655.50,5.4710E-002
 656.00,5.4043E-002
 656.50,5.3397E-002
 657.00,5.2745E-002
 657.50,5.2202E-002
 658.00,5.1590E-002
 658.50,5.1075E-002
 659.00,5.0558E-002
 659.50,5.0003E-002
 660.00,4.9328E-002
 660.50,4.8697E-002
 661.00,4.8094E-002
 661.50,4.7631E-002
 662.00,4.6970E-002
 662.50,4.6310E-002
 663.00,4.5625E-002
 663.50,4.5053E-002
 664.00,4.4643E-002
 664.50,4.4209E-002
 665.00,4.3716E-002
 665.50,4.2992E-002
 666.00,4.2342E-002
 666.50,4.1832E-002
 667.00,4.1426E-002
 667.50,4.0967E-002
 668.00,4.0434E-002
 668.50,4.0012E-002
 669.00,3.9559E-002
 669.50,3.9131E-002
 670.00,3.8585E-002
 670.50,3.8155E-002
 671.00,3.7733E-002
 671.50,3.7326E-002
 672.00,3.6781E-002
 672.50,3.6252E-002
 673.00,3.5757E-002
 673.50,3.5389E-002
 674.00,3.5033E-002
 674.50,3.4717E-002
 675.00,3.4363E-002
 675.50,3.4056E-002
 676.00,3.3670E-002
 676.50,3.3272E-002
 677.00,3.2759E-002
 677.50,3.2365E-002
 678.00,3.2002E-002
 678.50,3.1715E-002
 679.00,3.1358E-002
 679.50,3.1037E-002
 680.00,3.0718E-002
 680.50,3.0488E-002
 681.00,3.0135E-002
 681.50,2.9780E-002
 682.00,2.9376E-002
 682.50,2.9066E-002
 683.00,2.8787E-002
 683.50,2.8438E-002
 684.00,2.8073E-002
 684.50,2.7749E-002
 685.00,2.7533E-002
 685.50,2.7251E-002
 686.00,2.6956E-002
 686.50,2.6622E-002
 687.00,2.6394E-002
 687.50,2.6141E-002
 688.00,2.5888E-002
 688.50,2.5568E-002
 689.00,2.5241E-002
 689.50,2.4970E-002
 690.00,2.4753E-002
 690.50,2.4533E-002
 691.00,2.4242E-002
 691.50,2.3979E-002
 692.00,2.3717E-002
 692.50,2.3518E-002
 693.00,2.3333E-002
 693.50,2.3239E-002
 694.00,2.3119E-002
 694.50,2.2975E-002
 695.00,2.2776E-002
 695.50,2.2554E-002
 696.00,2.2330E-002
 696.50,2.2099E-002
 697.00,2.1812E-002
 697.50,2.1585E-002
 698.00,2.1367E-002
 698.50,2.1247E-002
 699.00,2.1130E-002
 699.50,2.0987E-002
 700.00,2.0772E-002
 700.50,2.0453E-002
 701.00,2.0193E-002
 701.50,2.0062E-002
 702.00,1.9922E-002
 702.50,1.9785E-002
 703.00,1.9614E-002
 703.50,1.9545E-002
 704.00,1.9430E-002
 704.50,1.9346E-002
 705.00,1.9185E-002
 705.50,1.8991E-002
 706.00,1.8736E-002
 706.50,1.8518E-002
 707.00,1.8400E-002
 707.50,1.8321E-002
 708.00,1.8276E-002
 708.50,1.8173E-002
 709.00,1.8043E-002
 709.50,1.7962E-002
 710.00,1.7876E-002
 710.50,1.7734E-002
 711.00,1.7533E-002
 711.50,1.7377E-002
 712.00,1.7268E-002
 712.50,1.7159E-002
 713.00,1.7060E-002
 713.50,1.6929E-002
 714.00,1.6820E-002
 714.50,1.6727E-002
 715.00,1.6660E-002
 715.50,1.6597E-002
 716.00,1.6531E-002
 716.50,1.6460E-002
 717.00,1.6282E-002
 717.50,1.6188E-002
 718.00,1.6140E-002
 718.50,1.6207E-002
 719.00,1.6224E-002
 719.50,1.6191E-002
 720.00,1.6062E-002
 720.50,1.5934E-002
 721.00,1.5754E-002
 721.50,1.5630E-002
 722.00,1.5640E-002
 722.50,1.5703E-002
 723.00,1.5724E-002
 723.50,1.5615E-002
 724.00,1.5556E-002
 724.50,1.5471E-002
 725.00,1.5412E-002
 725.50,1.5349E-002
 726.00,1.5305E-002
 726.50,1.5272E-002
 727.00,1.5223E-002
 727.50,1.5196E-002
 728.00,1.5189E-002
 728.50,1.5247E-002
 729.00,1.5320E-002
 729.50,1.5319E-002
 730.00,1.5211E-002
 730.50,1.5074E-002
 731.00,1.4947E-002
 731.50,1.4855E-002
 732.00,1.4799E-002
 732.50,1.4836E-002
 733.00,1.4939E-002
 733.50,1.4890E-002
 734.00,1.4834E-002
 734.50,1.4792E-002
 735.00,1.4831E-002
 735.50,1.4789E-002
 736.00,1.4782E-002
 736.50,1.4763E-002
 737.00,1.4678E-002
 737.50,1.4672E-002
 738.00,1.4727E-002
 738.50,1.4783E-002
 739.00,1.4762E-002
 739.50,1.4737E-002
 740.00,1.4713E-002
 740.50,1.4671E-002
 741.00,1.4646E-002
 741.50,1.4701E-002
 742.00,1.4751E-002
 742.50,1.4765E-002
 743.00,1.4723E-002
 743.50,1.4711E-002
 744.00,1.4674E-002
 744.50,1.4639E-002
 745.00,1.4608E-002
 745.50,1.4669E-002
 746.00,1.4709E-002
 746.50,1.4712E-002
 747.00,1.4711E-002
 747.50,1.4846E-002
 748.00,1.4930E-002
 748.50,1.4921E-002
 749.00,1.4859E-002
 749.50,1.4914E-002
 750.00,1.4973E-002
 750.50,1.5573E-002
 751.00,1.6037E-002
 751.50,1.6040E-002
 752.00,1.5257E-002
 752.50,1.4988E-002
 753.00,1.4972E-002
 753.50,1.4995E-002
 754.00,1.5031E-002
 754.50,1.5093E-002
 755.00,1.5189E-002
 755.50,1.5239E-002
 756.00,1.5296E-002
 756.50,1.5271E-002
 757.00,1.5221E-002
 757.50,1.5122E-002
 758.00,1.5124E-002
 758.50,1.5208E-002
 759.00,1.5384E-002
 759.50,1.5547E-002
 760.00,1.5559E-002
 760.50,1.5542E-002
 761.00,1.5500E-002
 761.50,1.5604E-002
 762.00,1.5713E-002
 762.50,1.5824E-002
 763.00,1.5771E-002
 763.50,1.5648E-002
 764.00,1.5693E-002
 764.50,1.5866E-002
 765.00,1.6028E-002
 765.50,1.6154E-002
 766.00,1.6189E-002
 766.50,1.6114E-002
 767.00,1.6027E-002
 767.50,1.6012E-002
 768.00,1.6102E-002
 768.50,1.6271E-002
 769.00,1.6431E-002
 769.50,1.6538E-002
 770.00,1.6698E-002
 770.50,1.6873E-002
 771.00,1.6810E-002
 771.50,1.6741E-002
 772.00,1.6786E-002
 772.50,1.6909E-002
 773.00,1.7011E-002
 773.50,1.7139E-002
 774.00,1.7211E-002
 774.50,1.7353E-002
 775.00,1.7423E-002
 775.50,1.7314E-002
 776.00,1.7232E-002
 776.50,1.7362E-002
 777.00,1.7551E-002
 777.50,1.7634E-002
 778.00,1.7749E-002
 778.50,1.7869E-002
 779.00,1.7938E-002
 779.50,1.8110E-002
 780.00,1.8232E-002
 780.50,1.8336E-002
 781.00,1.8409E-002
 781.50,1.8495E-002
 782.00,1.8603E-002
 782.50,1.8750E-002
 783.00,1.8701E-002
 783.50,1.8802E-002
 784.00,1.9089E-002
 784.50,1.9321E-002
 785.00,1.9436E-002
 785.50,1.9389E-002
 786.00,1.9322E-002
 786.50,1.9204E-002
 787.00,1.9315E-002
 787.50,1.9372E-002
 788.00,1.9511E-002
 788.50,1.9783E-002
 789.00,1.9950E-002
 789.50,2.0109E-002
 790.00,2.0202E-002
 790.50,2.0215E-002
 791.00,2.0279E-002
 791.50,2.0440E-002
 792.00,2.0571E-002
 792.50,2.0729E-002
 793.00,2.0813E-002
 793.50,2.0917E-002
 794.00,2.0964E-002
 794.50,2.1074E-002
 795.00,2.1166E-002
 795.50,2.1329E-002
 796.00,2.1424E-002
 796.50,2.1412E-002
 797.00,2.1440E-002
 797.50,2.1688E-002
 798.00,2.1936E-002
 798.50,2.2309E-002
 799.00,2.2739E-002
 799.50,2.2922E-002
 800.00,2.2749E-002
 800.50,2.2456E-002
 801.00,2.2477E-002
 801.50,2.2719E-002
 802.00,2.2882E-002
 802.50,2.3093E-002
 803.00,2.3110E-002
 803.50,2.3011E-002
 804.00,2.3019E-002
 804.50,2.3320E-002
 805.00,2.3610E-002
 805.50,2.3779E-002
 806.00,2.3848E-002
 806.50,2.3814E-002
 807.00,2.3749E-002
 807.50,2.3892E-002
 808.00,2.4139E-002
 808.50,2.4316E-002
 809.00,2.4455E-002
 809.50,2.4585E-002
 810.00,2.4832E-002
 810.50,2.5201E-002
 811.00,2.5346E-002
 811.50,2.5348E-002
 812.00,2.5349E-002
 812.50,2.5705E-002
 813.00,2.6079E-002
 813.50,2.6194E-002
 814.00,2.6206E-002
 814.50,2.6149E-002
 815.00,2.6276E-002
 815.50,2.6430E-002
 816.00,2.6594E-002
 816.50,2.6870E-002
 817.00,2.6959E-002
 817.50,2.6706E-002
 818.00,2.6651E-002
 818.50,2.7042E-002
 819.00,2.7388E-002
 819.50,2.7412E-002
 820.00,2.7459E-002
 820.50,2.7369E-002
 821.00,2.7351E-002
 821.50,2.7686E-002
 822.00,2.8075E-002
 822.50,2.8238E-002
 823.00,2.8458E-002
 823.50,2.8526E-002
 824.00,2.8752E-002
 824.50,2.8991E-002
 825.00,2.9043E-002
 825.50,2.9100E-002
 826.00,2.9360E-002
 826.50,2.9868E-002
 827.00,2.9870E-002
 827.50,2.9884E-002
 828.00,2.9959E-002
 828.50,2.9972E-002
 829.00,3.0165E-002
 829.50,3.0445E-002
 830.00,3.0665E-002
 830.50,3.0642E-002
 831.00,3.0807E-002
 831.50,3.0952E-002
 832.00,3.1289E-002
 832.50,3.1484E-002
 833.00,3.1681E-002
 833.50,3.1537E-002
 834.00,3.1630E-002
 834.50,3.2278E-002
 835.00,3.2732E-002
 835.50,3.2783E-002
 836.00,3.2741E-002
 836.50,3.2762E-002
 837.00,3.3011E-002
 837.50,3.3117E-002
 838.00,3.3151E-002
 838.50,3.3333E-002
 839.00,3.3661E-002
 839.50,3.4174E-002
 840.00,3.4398E-002
 840.50,3.4923E-002
 841.00,3.5200E-002
 841.50,3.5439E-002
 842.00,3.5387E-002
 842.50,3.5304E-002
 843.00,3.5420E-002
 843.50,3.6154E-002
 844.00,3.6535E-002
 844.50,3.6784E-002
 845.00,3.7144E-002
 845.50,3.7334E-002
 846.00,3.7000E-002
 846.50,3.6943E-002
 847.00,3.7336E-002
 847.50,3.7561E-002
 848.00,3.7831E-002
 848.50,3.8437E-002
 849.00,3.8872E-002
 849.50,3.9000E-002
 850.00,3.9022E-002
 850.50,3.9448E-002
 851.00,4.0440E-002
 851.50,4.1127E-002
 852.00,4.1327E-002
 852.50,4.0841E-002
 853.00,4.0953E-002
 853.50,4.1467E-002
 854.00,4.1915E-002
 854.50,4.1882E-002
 855.00,4.2231E-002
 855.50,4.2725E-002
 856.00,4.2998E-002
 856.50,4.2926E-002
 857.00,4.3531E-002
 857.50,4.4216E-002
 858.00,4.4413E-002
 858.50,4.4618E-002
 859.00,4.5062E-002
 859.50,4.5506E-002
 860.00,4.5690E-002
 860.50,4.6417E-002
 861.00,4.7045E-002
 861.50,4.7449E-002
 862.00,4.7581E-002
 862.50,4.7636E-002
 863.00,4.7744E-002
 863.50,4.8194E-002
 864.00,4.8482E-002
 864.50,4.9304E-002
 865.00,5.0134E-002
 865.50,5.0538E-002
 866.00,5.0924E-002
 866.50,5.1457E-002
 867.00,5.1732E-002
 867.50,5.1924E-002
 868.00,5.2273E-002
 868.50,5.2478E-002
 869.00,5.2959E-002
 869.50,5.3922E-002
 870.00,5.5306E-002
 870.50,5.5960E-002
 871.00,5.5715E-002
 871.50,5.5521E-002
 872.00,5.6124E-002
 872.50,5.6580E-002
 873.00,5.6798E-002
 873.50,5.7416E-002
 874.00,5.8687E-002
 874.50,5.9640E-002
 875.00,6.0378E-002
 875.50,6.0896E-002
 876.00,6.0800E-002
 876.50,6.1238E-002
 877.00,6.2152E-002
 877.50,6.2621E-002
 878.00,6.2834E-002
 878.50,6.3278E-002
 879.00,6.4481E-002
 879.50,6.5432E-002
 880.00,6.5346E-002
 880.50,6.5417E-002
 881.00,6.5845E-002
 881.50,6.6008E-002
 882.00,6.6631E-002
 882.50,6.7454E-002
 883.00,6.8336E-002
 883.50,6.8357E-002
 884.00,6.8646E-002
 884.50,6.9101E-002
 885.00,6.9536E-002
 885.50,7.0303E-002
 886.00,7.1637E-002
 886.50,7.1743E-002
 887.00,7.1954E-002
 887.50,7.2644E-002
 888.00,7.3076E-002
 888.50,7.3600E-002
 889.00,7.3987E-002
 889.50,7.4490E-002
 890.00,7.4669E-002
 890.50,7.5437E-002
 891.00,7.6170E-002
 891.50,7.6133E-002
 892.00,7.6250E-002
 892.50,7.6728E-002
 893.00,7.6935E-002
 893.50,7.7388E-002
 894.00,7.8078E-002
 894.50,7.8064E-002
 895.00,7.7744E-002
 895.50,7.8717E-002
 896.00,7.9580E-002
 896.50,8.0664E-002
 897.00,8.1651E-002
 897.50,8.2204E-002
 898.00,8.3106E-002
 898.50,8.4038E-002
 899.00,8.4559E-002
 899.50,1.6774E-003

